100
20 20 20 20 20 20 20 20 20 20 20 20 20 20 20 20 20 20 20 20 20 20 20 20 20 20 20 20 20 20 20 20 20 20 20 20 20 20 20 20 20 20 20 20 20 20 20 20 20 20 20 20 20 20 20 20 20 20 20 20 20 20 20 20 20 20 20 20 20 20 20 20 20 20 20 20 20 20 20 20 20 20 20 20 20 20 20 20 20 20 20 20 20 20 20 20 20 20 20 20
50 25 94 22 27 18 76 86 7 68 90 87 84 70 73 89 13 46 17 58
40 42 91 15 83 90 73 65 97 98 10 67 68 70 53 93 35 29 25 88
62 98 1 8 59 45 6 67 5 68 23 16 2 74 4 77 46 42 97 26
83 75 35 22 56 73 23 31 20 88 47 46 8 98 99 1 57 6 10 67
90 85 84 13 97 74 48 6 72 54 91 81 88 14 79 12 73 26 58 47
17 12 10 79 50 100 99 95 37 80 81 31 26 78 59 86 5 91 88 35
53 26 62 58 97 79 16 10 18 72 66 56 95 73 78 52 2 11 39 75
90 92 36 53 30 31 42 86 21 4 7 82 78 98 5 33 73 34 28 64
18 61 8 97 34 26 59 43 89 91 49 56 53 22 33 68 38 10 17 2
67 86 26 20 61 11 21 60 50 53 3 59 100 48 85 34 56 4 52 74
34 15 88 31 30 73 70 37 11 60 23 98 28 84 26 52 91 69 77 67
89 88 13 31 74 64 83 1 79 44 43 95 11 34 70 69 68 93 80 14
100 49 37 60 11 66 90 13 83 18 26 89 62 54 32 2 85 76 96 77
10 33 43 94 21 7 14 6 69 22 60 53 89 78 50 61 15 34 54 63
100 71 16 90 49 56 68 38 95 24 66 40 37 55 31 11 39 44 75 57
16 49 83 58 66 65 61 20 28 54 42 87 48 14 64 22 3 76 40 89
66 79 45 24 82 94 44 16 6 39 58 68 48 63 83 4 88 35 95 8
24 15 68 92 52 47 14 93 62 10 72 63 25 56 42 84 70 71 11 85
66 73 29 38 62 8 88 39 46 3 80 94 45 96 51 68 48 93 12 31
82 27 40 59 66 69 99 88 52 85 53 97 73 43 21 44 1 55 38 65
100 62 11 80 78 90 7 76 31 29 27 23 57 67 5 26 36 85 12 28
96 88 61 84 33 67 1 36 69 32 24 76 100 9 42 18 91 37 90 55
34 73 43 77 65 22 92 32 31 40 84 75 4 20 33 58 53 94 93 41
59 83 11 1 25 15 98 40 64 45 35 58 4 23 72 21 32 55 13 33
2 83 1 78 8 96 64 4 27 97 45 9 61 84 56 99 39 94 73 41
10 5 93 99 1 7 12 40 25 64 90 81 41 85 43 71 69 60 18 72
38 5 67 40 81 99 62 10 94 63 59 60 91 77 39 3 14 95 20 75
40 18 20 99 37 36 29 34 35 11 64 23 77 2 79 94 45 65 10 30
40 62 26 88 6 49 99 50 7 75 9 37 14 34 30 61 29 12 32 64
34 31 35 14 32 33 89 80 29 85 52 20 49 51 86 63 50 15 18 76
70 99 21 69 60 38 94 14 17 3 55 47 61 35 89 20 88 42 9 76
84 1 23 96 55 95 68 65 17 19 80 44 85 100 41 24 69 83 40 15
48 84 70 87 19 24 64 49 38 14 16 28 92 58 74 72 94 21 17 86
56 17 20 3 55 35 78 54 68 51 59 48 18 67 1 36 23 88 100 93
17 73 65 88 64 42 20 36 38 45 18 77 82 96 41 12 4 47 16 97
100 43 19 57 39 6 59 94 15 55 16 88 3 76 85 7 45 37 68 31
79 82 93 23 99 94 1 59 34 75 60 49 35 81 98 91 95 28 78 76
44 99 73 50 2 67 64 88 83 7 96 78 13 11 68 23 81 54 52 15
45 15 62 37 50 26 31 87 3 42 78 89 43 13 24 29 5 79 82 61
49 53 35 16 13 2 61 18 72 30 52 79 41 62 66 91 15 69 68 33
15 95 20 73 58 23 79 48 77 21 71 7 85 80 88 67 5 39 87 68
29 15 22 11 81 70 14 79 90 23 9 76 65 97 26 1 59 7 78 96
18 74 63 8 50 53 62 71 58 5 24 40 98 10 54 41 16 57 97 17
36 6 7 76 71 9 3 92 73 1 74 20 45 24 25 52 63 42 55 90
20 90 47 94 28 5 93 24 31 64 7 71 6 97 79 62 4 30 39 89
82 93 54 98 66 75 44 10 23 72 20 85 14 15 91 16 100 42 94 9
99 15 55 10 77 73 92 43 56 6 60 64 24 68 47 54 78 58 79 40
74 92 59 38 21 24 52 71 79 94 83 30 32 45 27 90 66 10 58 41
70 64 30 91 36 2 21 8 89 42 74 31 35 37 10 54 95 23 85 47
4 57 62 27 49 41 64 90 97 25 46 19 67 73 99 91 98 86 87 80
82 19 42 34 65 46 29 92 73 9 53 69 98 47 51 80 7 62 13 85
72 5 80 35 76 82 26 78 92 71 16 24 9 15 40 52 49 11 50 36
76 8 24 100 41 61 94 15 51 14 90 26 29 21 67 55 56 75 3 79
2 12 97 71 33 39 29 8 47 74 98 52 89 55 61 38 53 4 70 87
15 47 81 31 77 80 56 58 16 45 93 35 14 76 23 85 83 95 51 82
57 91 60 30 16 10 43 13 70 3 14 11 48 19 73 82 21 20 31 22
100 11 74 18 20 70 28 3 88 53 12 41 1 94 62 97 35 66 34 72
29 58 31 84 76 91 80 56 13 50 9 61 46 66 100 53 97 21 68 95
92 86 64 41 5 16 90 77 39 33 74 61 37 63 89 94 80 12 57 21
45 51 20 38 87 64 72 53 17 47 100 52 76 31 6 22 37 28 33 68
42 72 7 78 81 20 31 66 41 58 54 30 86 53 32 87 25 98 9 48
25 99 33 47 34 98 64 61 14 51 20 67 55 70 56 68 2 90 92 81
39 85 65 57 91 78 14 71 54 30 13 68 63 5 96 36 88 47 2 33
12 83 53 59 25 4 80 20 18 1 45 72 55 73 2 63 39 31 11 96
18 27 38 8 82 100 13 44 17 62 10 67 7 79 41 39 34 20 91 80
83 6 58 50 66 98 44 42 30 67 41 57 24 26 31 27 53 51 35 85
50 62 92 85 88 42 43 23 45 67 56 52 69 54 24 90 82 99 26 46
97 1 83 85 89 69 94 13 19 92 41 30 8 5 91 47 76 56 84 72
69 62 20 34 83 63 7 8 3 92 36 57 40 13 48 90 45 70 49 72
61 67 11 33 3 24 6 46 22 4 73 81 21 93 80 49 10 74 86 32
40 28 27 1 63 31 46 56 38 91 70 73 74 34 58 94 30 72 36 81
29 67 46 68 4 71 2 31 8 90 17 69 34 97 94 60 100 85 87 40
9 78 53 41 14 96 17 100 2 70 20 48 16 7 60 84 98 59 54 58
33 16 54 4 22 64 69 66 6 10 42 49 52 96 34 40 18 53 17 72
78 15 53 51 20 65 21 67 85 19 57 59 22 35 40 34 50 47 79 56
1 17 75 18 63 40 16 12 38 94 79 9 36 58 54 8 92 57 95 62
3 17 47 75 62 99 36 54 83 20 24 8 18 21 90 81 60 34 55 77
70 73 56 97 6 83 61 26 22 77 23 35 94 75 78 82 53 16 17 49
87 94 18 66 76 9 82 25 28 23 92 10 56 8 99 69 49 54 7 63
39 31 54 65 9 15 53 94 18 72 51 13 2 99 11 85 73 44 50 92
52 67 93 81 50 41 10 45 38 40 18 20 27 35 54 13 24 47 48 66
66 35 2 50 40 16 85 61 54 13 42 57 9 80 5 46 49 7 34 56
49 67 35 20 32 44 80 65 59 60 68 90 43 25 42 56 85 88 22 4
80 65 73 86 11 21 66 87 10 75 81 35 57 89 3 62 91 63 52 5
9 84 46 89 99 16 74 6 18 36 24 94 98 79 8 7 39 17 50 22
2 58 85 20 69 27 68 63 76 67 43 61 100 35 64 33 62 83 50 71
68 87 100 44 31 12 33 84 59 22 91 41 67 51 8 96 46 37 30 74
39 37 27 83 36 62 96 1 34 12 45 77 25 70 51 23 48 4 85 31
17 88 92 89 78 27 32 80 85 81 15 14 12 71 87 22 76 90 19 47
76 24 92 39 66 11 98 38 49 42 7 27 87 65 6 75 59 97 99 9
56 17 45 24 12 16 35 60 88 61 71 93 63 99 26 41 97 31 25 30
47 34 77 64 5 30 80 63 20 33 12 67 65 68 70 58 41 59 22 13
15 12 39 48 66 59 23 27 28 32 88 70 31 3 74 44 56 17 57 54
33 70 81 18 49 21 44 82 7 10 12 19 86 30 27 37 36 87 55 96
27 74 2 5 87 10 21 23 95 68 73 6 44 7 59 90 4 11 19 77
81 92 72 96 38 36 23 71 16 90 8 89 66 82 86 76 73 15 100 61
13 70 10 76 35 99 63 69 17 77 79 50 81 86 19 9 65 8 61 30
15 16 99 1 6 19 94 72 35 64 23 41 92 59 56 69 32 39 91 97
14 22 40 5 25 23 39 82 53 85 26 35 81 75 30 19 8 68 93 12
83 28 69 31 55 19 38 21 30 87 10 80 22 33 46 93 9 17 68 89
41 23 1 -52 -17 -16 -95 25 33 0 38 59 -54 -52 83 62 -11 -55 -76 -32 -61 -76 83 -83 -69 -64 67 -74 51 65 -29 44 -21 -64 -56 2 -7 -4 -16 -34 -67 85 93 -73 -56 -1 -52 -59 50 -61 70 91 -50 -93 -21 68 84 -77 -15 -72 59 58 30 18 50 -79 50 -78 69 -95 -6 20 9 43 69 -1 -92 -12 -32 -11 19 -27 98 -51 10 -16 -78 -35 12 -87 -61 95 74 74 -83 -100 40 17 28 39
-70 52 34 35 -50 84 17 -60 -2 -28 44 62 -90 -62 78 31 40 -47 -75 -70 -4 65 97 21 56 6 -34 74 -84 -58 80 32 -91 -31 69 -47 58 47 -43 -100 -92 -67 -91 -29 98 -3 -97 -73 13 11 33 22 -27 13 25 -96 19 72 -3 -5 56 61 -84 -41 84 18 26 -2 -93 -79 -86 -64 1 -27 -25 -91 49 84 12 50 91 23 -23 55 18 36 79 -2 -56 67 63 56 23 6 -31 63 80 -86 -19
-87 30 98 59 60 -52 -45 41 2 -50 -47 4 -50 78 10 -92 -80 -83 -27 94 33 72 -61 25 -45 79 32 -15 -72 96 56 49 62 7 30 -61 -84 -4 -72 1 -21 99 83 19 -67 -22 -20 93 -73 -18 59 -9 -71 -4 85 -6 12 56 -33 -86 -83 64 -50 50 -15 -28 -19 69 95 -54 2 23 -69 58 -100 5 -40 -12 -53 75 4 50 -26 31 -42 99 31 -59 -88 22 14 -19 4 11 52 39 -30 -19
44 -11 -76 -65 67 8 -20 1 -36 64 82 12 1 16 -39 28 -55 38 6 -37 -84 77 39 2 100 -89 -86 43 -22 83 -66 -21 51 -45 -22 -49 77 82 -51 -74 -87 -65 -20 23 -85 -36 -80 -64 -49 93 -15 -33 -28 77 -82 43 -23 -21 -12 59 -12 20 23 -59 -59 26 -46 3 16 -39 -82 75 54 -79 43 36 -87 -7 -67 -52 41 -83 36 -16 24 61 -90 -2 -5 -52 -95 -3 -33 29 -96 98 -8
61 75 62 -73 -38 -21 40 -62 -63 -94 -35 39 87 82 -48 51 89 -79 69 -66 -14 -38 -3 -90 -5 74 -44 34 10 47 -31 -54 98 -24 47 -26 62 27 78 -26 48 44 42 -91 76 -24 14 -19 -8 -46 -78 29 18 -91 -99 35 -26 1 48 60 -6 84 38 -1 91 96 1 -3 -17 -80 51 -85 -86 41 -19 62 -6 -40 -91 46 52 -70 -44 86 -67 28 -24 90 -16 20 83 30 4 -80 -33 -34
-71 -21 81 80 4 -74 69 72 85 18 -95 93 63 12 61 -34 -63 37 -94 -57 59 65 56 -50 31 -47 26 98 41 -32 7 27 27 -1 26 51 -81 -1 75 -100 93 96 -94 93 21 -57 49 70 16 -2 -10 -30 15 -65 -21 60 -69 -4 -26 80 42 -62 13 49 97 3 -61 83 -84 67 91 38 19 -5 79 3 33 43 47 32 -64 -30 -26 -31 6 -82 94 99 88 80 -8 74 72 -49 -99
39 -94 1 67 37 -41 -60 -17 -43 -32 -10 -31 0 -10 -33 22 -63 31 65 24 39 5 28 77 58 18 31 -78 80 -74 18 50 -100 62 -35 -46 -60 -69 -88 26 -98 6 93 -7 -17 30 -78 92 44 -5 46 -51 -9 -95 -3 18 -9 12 -42 -51 -21 27 29 100 81 37 23 44 -30 -30 -29 63 -45 -43 62 92 -42 -25 -92 75 43 10 90 96 -39 66 -86 99 40 15 -31 23 -3 -18
-6 15 -21 -89 -44 -71 -42 66 -58 -44 99 34 -9 -44 -29 -76 83 -69 -86 89 -36 75 -3 87 -41 92 -94 71 7 63 84 -60 94 -61 36 -79 35 -5 -44 59 33 95 -82 -78 40 41 28 63 -4 -97 93 83 -36 -69 -70 -35 12 0 4 55 12 -20 -69 -27 -52 95 67 -2 -58 -81 -54 31 77 47 83 24 -8 78 -29 36 -54 13 55 -82 97 24 35 -96 69 -51 -19 -90 -80
-64 -100 -71 45 4 -61 -83 86 -7 80 -16 -41 -76 43 -30 -49 -93 -73 -64 -6 -2 -11 65 29 22 -88 -21 42 79 -45 6 -65 28 -57 5 21 48 -10 -67 -36 25 3 -96 87 -70 -26 -4 -57 -37 -73 -41 33 73 -19 -40 81 87 54 71 12 -31 13 -20 27 -48 -75 -99 67 -12 -10 -17 76 86 -87 -59 -51 -63 94 72 24 -38 51 -98 -14 -85 86 -37 -66 94 -45 58 -97
50 -9 77 54 39 96 -45 -22 -3 35 -72 -32 55 -16 41 -66 -10 -94 -36 70 82 -83 -9 88 -73 -76 32 -49 59 64 -10 -90 -37 -94 73 -89 -36 -63 -58 55 -95 -81 13 1 -21 10 -19 44 11 47 -56 28 80 51 29 -57 -59 23 86 -55 12 -10 90 49 -43 95 -7 28 -89 24 -77 7 23 68 91 -93 63 -60 38 7 -81 63 -43 24 12 4 -73 -66 -89 -79 0
-22 -75 83 90 -82 -71 95 -93 -34 1 14 -88 38 83 -25 38 57 98 90 -55 77 100 -40 -37 28 17 -53 -48 11 76 -39 -70 55 27 79 89 52 77 54 -23 31 37 25 -4 89 59 -22 21 93 18 41 -48 51 41 -21 34 17 65 52 -10 47 -8 -57 -83 34 -17 72 88 8 10 60 -18 -10 56 22 -8 18 8 -66 26 -6 5 -47 -46 -24 7 -53 0 -30 36
-80 -71 78 51 -95 -14 83 -50 -98 32 23 -54 -21 -63 -71 11 -57 -49 -97 -72 25 6 -7 -4 -81 35 -18 29 -78 -17 -24 66 -29 -63 26 -8 33 -95 -26 -20 35 35 -30 -12 17 -40 43 88 -64 -38 -67 -3 71 -23 -32 -39 58 -51 -20 42 -25 -82 90 -72 27 85 35 -32 3 64 59 -19 69 69 78 -100 81 -66 -73 -17 -24 -31 76 -77 39 -2 -11 87 94
45 -96 7 32 5 -72 -20 65 -11 -1 18 34 42 37 -31 -26 -41 -71 -81 85 -47 -56 -6 -66 36 -59 44 -47 -86 88 78 -17 -6 82 93 41 38 -52 19 -41 -9 -13 -12 -25 -27 29 3 32 -41 -80 26 82 -25 58 51 -35 69 10 100 73 -15 -3 -37 -1 71 38 -23 -14 18 54 -15 -36 16 14 -15 55 49 -60 2 -87 -42 -51 73 -46 -8 55 -67 -49
-62 -63 78 23 20 24 -58 -90 40 -15 86 57 26 50 -15 75 -94 42 64 99 -78 -6 80 35 78 -17 20 11 12 -43 -23 -4 41 52 -80 15 79 77 -6 5 57 21 -72 -16 67 40 -30 -50 19 -42 71 -72 -23 51 -32 29 98 -19 -11 38 18 34 -9 -62 -73 60 45 91 66 21 -88 -29 100 18 -89 44 94 -29 29 67 -40 -81 82 -75 -44 -64 65
31 7 38 40 -68 7 -93 -75 -91 10 -41 -13 -33 -87 -92 7 86 27 60 81 -14 1 -81 -84 -13 -25 20 63 -59 2 -44 45 -57 26 -17 9 24 60 -86 62 -85 -66 -18 -84 69 42 -21 64 -36 -17 -56 -60 67 -98 -97 -25 -31 -62 61 -73 100 38 29 -28 25 -31 98 -95 -45 93 59 76 26 85 39 -38 63 -97 43 9 -46 100 96 68 55 -44
-36 34 -23 -60 40 -58 -21 36 68 -72 49 33 -42 72 -20 -74 53 -58 -30 -64 -71 36 62 -92 -36 60 -10 42 74 57 -96 30 89 -63 72 -90 46 -13 -3 26 27 10 97 -14 84 -85 -69 54 7 16 -46 69 55 2 -57 -60 -32 39 81 -82 -16 -11 -99 60 20 -98 -74 -45 95 55 23 -53 47 91 69 -34 83 -55 -76 -46 -31 92 -29 -22 11
-34 -18 -78 47 15 -100 11 20 49 89 -3 5 -100 41 -75 7 21 95 -74 -57 -19 -11 99 -44 -59 30 88 -3 48 67 85 25 67 -49 -10 -14 29 -70 -26 55 -7 -81 7 22 76 -25 -75 -59 44 -11 -6 13 42 51 9 71 -79 48 -53 20 33 -73 13 -50 22 -51 49 87 18 60 25 41 21 -54 61 88 -50 3 27 -59 76 -50 46 -24
-85 10 -34 64 25 45 30 -50 -74 -35 -25 -32 99 69 -52 43 -10 62 -91 -58 -37 23 -56 -62 -80 31 100 -3 -73 -1 20 -45 19 23 -86 64 -55 100 -63 -61 13 87 40 -76 -20 -59 60 -41 -57 -60 -91 69 15 -50 48 93 -55 -87 2 45 38 21 58 -96 -45 56 9 23 22 -3 -34 -78 95 -31 100 -18 24 28 -64 -63 -91 -89 -66
19 25 61 -88 69 18 76 1 56 -95 55 13 -100 91 92 -21 59 73 -6 -35 -17 -94 -38 23 55 -1 20 -50 -2 6 39 -49 61 -12 5 -28 -94 94 20 26 76 -48 8 22 52 -29 -45 91 33 -76 -99 -1 24 -17 -14 -25 -55 55 49 25 60 12 -33 57 75 -83 7 39 -34 -46 47 -14 -11 -65 64 64 -46 33 55 65 -67 -90
-59 -93 -16 -55 92 14 -41 -49 -63 -72 71 -82 75 9 -75 53 -59 46 -77 73 -49 87 43 37 43 14 34 63 64 85 -64 61 -30 30 -18 -37 88 -47 -32 60 98 37 -14 79 0 -13 22 27 40 15 -9 14 -55 -7 -2 45 79 -99 20 -78 20 -3 -18 72 49 86 52 -49 14 91 -64 90 37 42 -29 -30 -22 -38 -86 70 -100
-95 34 -41 -96 12 48 90 -91 93 18 -40 -21 91 -69 50 -12 -94 -64 -77 26 52 9 -76 61 -19 -99 68 100 73 28 50 -46 20 -9 -50 -14 58 -78 -64 43 -44 -23 75 -97 84 80 33 -84 12 -2 -50 -62 -80 -67 18 -4 19 -63 -4 13 85 90 -31 86 96 29 -97 -33 4 -57 34 53 82 95 -42 68 -57 36 54 89
-26 -76 54 -82 -36 24 15 0 -47 -54 -26 79 -9 60 20 40 25 39 -93 47 -49 64 84 73 25 40 10 5 46 89 -51 34 -74 64 -72 36 -71 -11 4 -4 97 -56 85 36 -82 -70 -16 -5 76 46 4 -70 -55 13 -62 36 -76 16 96 38 -88 60 -7 -27 -68 42 78 69 93 74 26 62 -1 -93 14 -63 35 40 16
74 -41 -6 -94 -57 -62 82 45 16 22 -7 -5 -47 -87 -82 -33 27 29 -31 -88 -83 -99 48 -85 -96 -7 -76 -44 59 -86 -84 -72 -75 -70 62 63 -21 -21 84 51 92 63 47 14 70 -60 98 -40 46 -12 24 -78 -23 95 -48 -4 35 17 16 90 57 -12 1 50 -76 22 63 32 86 3 74 -27 -79 -24 -68 -64 -35 -41
79 85 35 98 37 31 37 2 93 1 -43 45 18 -81 -52 0 90 32 98 -17 6 33 -73 -6 28 11 57 4 0 36 -16 43 -95 38 28 -85 49 -64 -54 -20 -90 -22 58 10 -66 6 20 42 -4 13 -100 -26 -83 -79 -61 35 50 -88 -80 -5 -51 86 4 -98 14 9 89 -6 25 -45 -75 31 33 75 -58 -91 86
38 72 -82 -67 54 -4 -77 98 -38 -35 -26 -11 -35 -46 66 43 -59 35 -14 -8 74 -50 -50 99 -5 74 -24 -63 0 -47 96 -9 -76 30 -68 31 56 -67 6 80 67 71 35 -22 81 33 13 100 75 89 22 97 55 75 94 -78 -81 -50 68 -22 54 -41 29 -22 -22 67 35 -20 80 -98 -86 -66 -4 -32 75 44
-16 76 -21 86 -95 -12 -98 87 -38 28 92 -27 -94 54 -56 31 71 31 -60 42 17 68 16 6 -43 9 92 44 -24 -92 23 54 43 -33 -23 -71 -62 8 19 88 21 -44 -32 52 17 91 -47 98 -97 29 -41 -38 -77 -12 -16 35 -54 -83 -35 -82 95 18 -27 23 89 -20 -76 60 13 -79 28 -95 -28 -59 4
54 85 -24 92 -20 -70 24 -4 -85 36 -38 61 -21 -58 -35 -20 -61 25 -43 26 56 -52 -65 75 75 74 66 -96 -53 -79 98 -24 51 66 34 -64 -39 -82 51 50 6 37 -58 -89 -96 -23 -36 51 -67 -92 -9 10 78 45 61 16 94 -96 94 -8 -64 -70 47 25 16 74 -82 67 -18 -51 -23 25 -82 7
-95 60 -96 88 75 58 48 -32 51 -69 11 -43 -87 36 -51 83 42 97 -13 22 21 -78 53 -9 -51 95 0 17 18 -47 -25 27 -85 20 17 -62 -18 9 -38 86 -11 21 -33 -58 41 -81 -69 22 7 -54 -97 73 -21 -44 11 28 99 -52 -77 85 25 -62 23 -51 27 80 66 92 13 -10 48 33 -82
59 -10 -68 -76 -92 97 93 28 11 -87 10 91 57 47 -62 95 -84 30 21 -18 18 -37 -27 73 43 93 -69 53 97 64 -53 -8 83 24 -34 53 -31 9 -46 93 -61 -37 -15 56 -22 63 -43 2 -89 75 -79 -73 79 39 -45 -35 34 -74 82 -92 -56 37 -61 -67 -36 81 -62 85 20 -45 91 -26
-90 4 46 33 -24 -65 37 47 -81 -31 -65 -79 -30 80 52 74 72 -14 -72 -88 -94 56 38 19 -98 -45 -90 -80 -27 -100 87 -74 -74 -43 19 33 -82 -25 94 79 75 35 9 -78 -26 -49 -8 -37 76 60 -58 82 -53 -81 72 -72 -23 -17 85 -94 -3 -66 11 46 12 38 89 -89 74 48 90
-28 -34 -19 -1 79 -85 -89 49 10 3 76 13 -39 78 -53 -76 58 61 -96 32 51 -28 -45 44 -25 61 28 6 -91 -32 -35 26 -6 -72 43 -96 83 66 -36 -27 59 -99 41 93 34 18 -100 -60 -22 -12 -62 -34 -73 22 54 85 64 -42 -50 58 -81 89 -26 -75 59 -72 -33 -57 53 -72
67 -74 -87 45 -70 79 -34 47 39 5 -73 54 61 -82 60 -60 -93 94 -53 55 44 56 -68 -89 6 -41 -22 29 94 50 -65 18 53 -18 50 52 -65 -49 -31 -85 -68 5 -98 14 14 -26 -22 -47 83 65 1 -58 16 81 40 -37 -95 -21 53 -74 63 9 67 3 -85 -8 91 55 -75
66 -7 67 -54 28 11 19 -86 56 43 -38 -99 91 99 -30 66 73 27 86 62 48 69 -85 -98 -100 -56 83 -28 -90 23 20 6 74 -36 60 -52 -19 -83 15 54 -81 -13 8 -65 72 -26 -15 -78 82 49 19 -85 51 67 14 -43 -8 -17 -97 -49 -94 10 42 -42 60 85 -36 61
92 91 69 -56 -92 -48 8 -36 -13 78 -38 38 34 95 -23 -19 -91 6 100 -51 -28 -13 -86 3 -2 -53 -2 -31 -4 -24 -49 -70 49 -43 -76 -10 64 -53 -45 62 87 17 81 61 -4 6 -100 -99 -66 95 44 55 92 -21 31 11 2 43 -12 39 68 -98 -3 1 -66 40 -48
24 55 35 92 -90 52 -90 14 65 80 -13 37 -54 63 -2 -8 -16 -6 -82 46 5 -93 18 -100 -32 -92 7 -51 62 -36 37 -83 8 -57 -85 12 -86 -62 24 28 -46 -76 -96 -80 -44 74 -59 39 48 13 29 -86 31 -83 9 95 -93 -18 -31 -22 -73 -35 32 8 24 89
84 48 96 88 72 -46 -100 -78 -53 97 42 47 34 62 -45 47 -41 48 -83 86 -2 79 -26 26 49 22 -23 95 71 64 -64 -75 42 -34 64 -55 -42 55 -10 -69 -19 -34 -76 38 -53 -82 10 -53 -92 -83 -14 -14 -36 -52 -23 21 -80 -59 -69 -65 -79 82 -75 -39 -64
-66 -71 -9 100 -79 71 -83 42 88 39 -44 19 22 -39 77 -69 28 42 46 -4 -5 3 -97 12 -9 -95 -35 13 -34 -41 51 22 -52 -8 -52 -89 27 44 -62 -49 67 -8 41 -66 54 87 -3 20 81 -25 -51 -7 -28 57 -70 -24 61 100 -46 16 11 -67 -53 3
-15 0 41 -33 -15 -71 -21 75 40 6 35 76 -87 98 98 -52 92 30 -85 82 -51 -88 -48 42 35 48 -77 63 2 85 -20 -62 65 -94 84 -43 95 -68 -90 55 64 93 96 -94 40 63 88 28 -100 88 -78 -85 -13 -59 -46 -87 56 -85 81 37 -26 -89 -87
37 -42 -22 -37 82 75 9 -24 35 -21 4 -47 95 -37 89 -39 51 -45 93 -74 44 74 29 67 67 49 81 11 90 70 46 84 93 33 -13 44 60 75 -39 62 -17 4 7 72 -45 -25 -86 -90 -19 73 55 76 -60 -67 -46 86 17 100 55 41 -50 -67
2 37 80 -56 -65 27 4 23 -65 25 72 -19 -39 18 -66 53 53 -26 -86 19 57 -19 20 -50 -71 1 63 -45 29 65 -78 86 83 -18 25 11 -12 -52 18 81 -18 49 -88 63 34 -8 19 98 -57 5 81 -58 17 7 -43 -69 65 -46 93 -85 -72
99 1 71 -66 52 64 19 -72 69 68 -37 -76 -18 -71 -7 38 -22 94 -68 -29 -92 59 -12 24 -75 -62 56 -66 35 10 100 96 90 -62 -49 17 31 74 -48 -39 31 -48 -10 73 49 77 -51 -67 -25 -74 -34 -6 -5 62 21 11 -100 0 -1 67
-75 -96 17 10 -98 -33 55 48 30 -55 33 17 -32 15 98 45 36 -63 -51 -98 46 -60 45 74 -47 14 31 -56 0 -71 -20 26 89 -89 -74 -91 71 90 24 37 89 32 86 -6 39 -87 -13 71 21 73 0 11 55 70 -43 16 47 28 76
-1 -7 34 -17 30 -64 7 84 73 9 -56 -88 -78 34 4 74 66 50 -71 40 -20 -78 100 5 46 20 100 95 89 -88 85 81 -45 83 61 -100 0 -34 -75 -71 29 13 -62 -39 68 61 41 9 30 -94 -97 8 -72 8 -73 80 94 53
75 -19 -9 58 69 34 57 69 0 98 46 -85 75 -12 45 -96 -6 -74 -69 -48 78 65 3 65 68 -44 22 22 -16 86 93 92 80 15 78 -38 -17 -25 79 95 69 -79 77 18 26 -96 -59 38 -35 1 8 96 76 -56 -14 -54 99
26 13 -8 33 57 87 83 79 57 30 -1 74 30 -18 -48 -70 -9 14 -61 -47 -11 6 9 73 -2 -27 -24 -86 -87 -46 -95 54 91 -90 20 -54 48 -14 -13 -14 -77 45 -84 85 -77 15 -4 -93 53 -66 8 57 -40 -23 76 -20
-22 -89 -58 7 -80 57 -19 58 -26 -61 -9 40 -36 74 -2 0 -9 -12 31 23 55 -12 82 -59 -15 -65 11 -3 63 -31 30 98 -8 65 -28 -68 -40 55 77 -23 7 -39 20 99 4 -24 2 40 36 39 -69 27 -21 55 67
-75 70 -31 53 -40 -48 99 20 -38 -91 -43 93 -78 -5 11 45 -48 3 36 53 67 -92 45 -8 -95 -7 46 93 -41 -21 87 64 -21 11 -29 -80 88 94 66 47 15 -64 89 -16 20 42 -53 -42 3 -97 0 67 35 92
62 -8 -12 -89 -58 -23 91 92 -81 29 -26 -100 91 96 -100 -61 -91 -98 97 31 -68 -29 94 85 -21 -34 -86 -89 73 -61 -29 15 32 95 -99 15 -67 -18 95 -69 -86 -56 61 69 -25 -19 12 -32 50 -85 97 -69 -11
70 83 99 74 34 30 -94 84 -90 -19 60 -49 53 -30 71 7 36 -77 77 -100 -26 4 26 19 -53 60 -33 -24 11 -42 60 43 -14 -4 -58 50 63 28 40 -65 56 -50 -88 25 -85 49 -3 22 11 55 -100 -31
-32 -13 -91 -74 -68 78 -25 -65 97 -14 84 -88 100 64 -33 -4 37 58 59 30 76 -81 -95 -39 -84 25 16 17 -7 83 63 0 26 -46 -5 -81 0 10 69 -45 -97 -50 10 7 17 -27 94 -82 93 -35 29
29 14 23 94 -8 -78 16 79 -65 25 -55 -12 -98 96 -34 -75 -30 91 8 0 -91 98 -32 39 -6 -7 50 -61 81 20 10 -78 -85 42 19 -28 -3 11 64 8 -98 -83 17 15 36 55 82 -99 7 79
-38 66 -11 77 13 -81 -81 -55 -49 75 78 -50 -28 9 -79 -62 70 10 -66 28 -99 97 58 -69 17 77 -100 95 -52 67 39 89 61 49 -23 97 -9 58 -2 -99 -1 -18 -30 56 -98 5 -89 75 -12
84 99 98 86 13 -86 54 -90 33 -86 73 -7 -69 -7 -19 -73 8 -89 -92 -2 -30 71 -47 -52 21 3 72 21 -48 -40 25 -7 99 80 -69 72 -77 -28 56 2 -23 -79 -49 -90 -99 -94 98 -74
-99 75 -57 81 -38 -47 44 17 31 26 -38 8 52 26 100 -78 -87 -7 -77 68 -22 -71 -89 36 -65 -73 48 -50 83 -18 55 42 18 -15 -40 15 -5 46 -20 -31 -100 63 52 -42 -29 -41 78
72 64 88 98 -20 -34 18 13 28 63 23 -68 -1 -60 -42 82 -43 9 88 12 -20 -36 -37 -55 -37 -54 46 -20 78 50 88 37 -38 89 -77 -96 38 -13 64 -1 92 -66 59 96 -39 -76
-71 64 -92 83 -61 67 -54 57 14 -98 -37 -5 23 98 -46 85 -26 21 90 34 -37 70 -76 -22 66 31 22 -75 22 -51 98 -11 1 -13 -74 -86 43 -74 28 60 -62 -41 -26 95 36
24 -31 15 -46 48 53 -46 -90 92 87 87 -77 -6 27 53 -40 5 73 44 15 -76 65 -86 7 70 -57 -61 30 41 27 16 -17 -96 -69 -84 -44 78 -9 -12 7 83 2 23 -29
-97 -17 -42 -62 58 91 -56 -80 65 25 -22 -66 98 17 83 -3 -65 43 -43 86 70 24 -88 64 -37 -24 81 -62 60 -94 -16 -85 -74 59 46 -84 89 -33 -12 41 40 -69 72
-2 59 85 79 93 -5 60 -11 83 11 5 25 94 -90 -7 -69 76 -60 -26 -57 -96 40 -36 6 10 -42 -77 -28 -25 5 81 -30 -82 89 -10 2 93 -66 -7 -57 42 3
-39 81 22 -3 -43 74 13 38 20 87 60 17 -81 -49 51 -8 -20 -63 -61 -42 89 45 -17 45 63 11 -52 -76 -78 -65 -26 73 -22 -82 93 -54 -60 8 93 -63 -76
19 -61 50 18 -67 -9 -42 37 -33 28 59 -65 98 -83 -4 0 -70 -4 10 92 -21 35 26 8 39 2 40 22 -40 -12 9 86 -22 60 17 54 -34 81 35 94
-85 -30 19 -18 30 50 81 73 -96 63 45 56 -64 44 -32 34 -67 43 -9 -27 84 50 72 -1 -51 83 -29 -75 10 -34 -31 -84 -73 26 66 13 27 46 -52
-14 13 -58 -29 -21 8 52 -89 81 66 45 -12 3 87 -87 -36 42 -29 93 -52 27 -33 64 86 85 -27 42 -37 75 -46 84 2 -100 29 -87 -89 -59 -44
21 -18 -18 -6 -35 79 -88 -75 71 4 98 23 -17 24 28 -31 82 -17 -60 84 40 -40 -27 -73 28 30 -49 -12 83 76 -22 -92 48 -11 79 66 -33
39 -53 62 -58 32 54 -97 -29 78 22 3 -63 19 27 99 -26 -46 -52 -70 72 74 61 42 8 -63 48 -86 -55 26 0 -12 -90 -20 100 -92 57
28 -64 60 59 99 -45 84 8 -92 12 -92 98 52 76 -43 -95 29 -86 42 42 -51 68 -1 48 67 -31 89 55 -96 96 -27 -76 29 -21 -36
-12 5 -59 -10 91 -39 -43 66 -76 -55 44 28 -46 -17 -61 -86 -87 94 -69 -2 -86 -5 75 58 -6 -63 1 66 -16 70 -93 -73 14 -3
-62 -61 0 -48 63 -66 -29 99 42 -95 7 -55 -94 35 -56 28 60 85 -70 -25 -84 2 8 -64 10 -29 38 -2 90 -30 -85 9 74
-26 42 56 98 16 -16 1 63 98 -43 29 -84 47 5 58 -82 74 -91 88 -37 38 60 -27 -62 -17 -87 -21 99 -70 -31 -73 -70
48 -97 45 100 -68 22 75 69 -85 -81 50 -70 -93 92 47 51 -30 65 27 4 67 -47 -20 79 -33 42 0 -20 11 -90 54
39 -36 35 -62 80 56 -2 15 18 -51 -73 -77 82 -21 -35 89 -74 23 79 -98 26 -88 -5 -9 -71 57 -25 -47 -36 93
-68 -77 -52 49 -85 -51 -32 20 -23 42 92 96 31 -37 21 -32 21 92 -84 2 41 -82 60 -37 -78 -42 46 -73 -42
-66 21 55 -92 -69 -33 -48 15 25 15 96 -83 -28 -26 -47 -39 -84 -69 -74 21 -71 85 97 98 18 -85 85 -21
-29 34 2 -94 -68 69 -14 -88 -40 85 82 32 56 54 -89 52 -99 90 -28 -98 -71 27 -65 43 5 38 -50
19 97 -31 -79 -82 51 -98 -13 63 -60 -29 92 -51 -36 -73 18 24 91 83 -16 -8 -67 50 82 -59 -56
-38 -95 84 88 46 -99 7 0 -5 91 27 100 -9 73 -23 18 88 -63 59 34 -29 -10 -65 -37 -46
4 33 -29 54 -50 60 63 52 86 61 -65 44 -46 5 -27 -30 16 14 40 -61 65 73 -3 -11
-92 -46 84 -3 -98 74 97 -92 52 92 -54 -49 27 38 -93 -73 69 -77 32 -46 92 -76 -10
80 39 -26 -100 7 -33 -51 -40 -55 -70 -45 76 27 52 5 -14 13 -19 -77 16 91 -66
-62 77 -73 -1 14 -20 60 21 -53 43 -87 95 -48 -18 66 -85 82 38 84 99 -59
-30 -49 34 63 64 -41 78 65 -47 100 -75 -2 -36 -27 -14 14 48 98 -76 19
68 44 -47 48 78 -52 24 -27 -87 -40 86 15 35 -65 -67 -62 57 100 19
-80 9 -37 33 38 -66 6 34 -26 -96 5 -2 19 53 -36 -100 -60 81
-94 4 -96 -55 17 -27 -48 71 67 -90 48 -95 95 11 -74 -85 -87
-28 -97 74 82 -44 -85 87 -3 78 14 -77 77 -70 51 80 88
42 2 40 -39 -45 -6 2 19 -11 -27 57 -89 88 5 61
-73 -94 92 1 -14 96 -25 -73 -6 -58 25 -89 91 -83
48 -92 -97 -65 -95 51 48 -19 -90 -20 -80 17 99
-78 13 -85 57 -18 76 80 -53 31 97 -46 -81
96 -57 -49 63 -24 -35 80 -54 -83 -85 23
96 53 -25 -77 30 -65 79 74 -8 -5
91 16 55 -40 54 -55 22 -9 67
-16 -7 -87 -4 3 41 -20 -16
-76 -41 38 -57 -4 15 41
45 69 -63 3 -83 62
-42 96 72 24 65
93 76 -97 -38
22 -13 68
6 57
-81
