100
1 2 3 4 5 6 7 8 9 10 11 12 13 14 15 16 17 18 19 20 21 22 23 24 25 26 27 28 29 30 31 32 33 34 35 36 37 38 39 40 41 42 43 44 45 46 47 48 49 50 51 52 53 54 55 56 57 58 59 60 61 62 63 64 65 66 67 68 69 70 71 72 73 74 75 76 77 78 79 80 81 82 83 84 85 86 87 88 89 90 91 92 93 94 95 96 97 98 99 100
99
97 56
96 38 66
53 93 11 73
93 43 5 48 47
92 71 96 28 73 68
33 25 70 76 79 88 67
36 22 59 68 65 75 12 82
80 25 54 91 36 20 67 89 99
46 99 9 27 34 21 29 14 84 74
46 81 34 26 27 58 68 51 4 86 54
9 79 14 47 80 28 8 71 88 25 4 92
56 98 14 72 85 40 74 24 46 34 75 52 55
1 25 31 46 27 57 14 32 45 12 55 10 90 11
94 4 23 11 70 47 51 56 73 7 14 83 8 31 65
95 97 64 49 70 88 43 86 28 84 54 14 26 25 79 8
45 48 95 11 62 76 17 40 70 2 31 51 92 58 29 42 91
5 20 26 82 59 99 40 73 75 55 50 92 46 65 13 69 91 95
27 37 93 3 2 78 86 83 85 43 90 12 26 70 39 48 13 6 96
65 81 45 99 85 26 56 73 38 79 88 7 47 36 86 43 22 61 93 35
34 13 55 82 41 25 50 17 28 83 32 60 7 87 52 22 64 54 33 84 53
22 1 86 97 15 29 40 39 84 98 46 13 25 8 63 36 92 28 18 14 7 58
16 56 67 82 84 97 21 81 39 64 70 37 66 58 99 25 35 44 31 34 46 52 54
54 99 84 81 59 39 15 36 100 58 28 69 95 27 79 52 89 1 41 11 76 49 87 17
70 100 9 1 91 27 42 67 28 45 71 84 12 2 41 54 33 72 34 88 56 68 39 80 59
26 93 45 12 4 3 5 10 68 61 77 15 72 56 34 46 27 91 42 24 36 98 92 83 85 95
32 5 28 44 37 14 7 94 13 1 64 59 27 87 20 46 58 89 62 34 80 8 43 78 3 47 18
38 58 5 85 43 4 65 91 7 14 59 27 55 22 92 19 33 60 90 96 100 69 31 87 21 6 78 67
78 32 4 96 76 33 85 84 51 14 40 74 31 29 22 94 15 59 23 24 19 98 10 92 61 66 48 55 99
43 27 98 94 4 59 5 96 32 69 12 58 70 75 17 63 100 29 2 56 85 84 51 21 62 88 7 18 74 8
66 73 10 86 55 28 74 97 84 5 53 47 14 33 11 51 85 41 92 52 95 44 2 62 81 42 76 31 65 70 99
37 59 53 23 6 8 28 35 40 21 38 86 69 42 57 66 41 74 12 22 77 39 11 80 2 7 58 44 98 78 95 91
98 31 82 15 53 1 55 18 63 3 49 12 42 69 46 77 78 83 85 7 84 40 50 10 47 28 29 36 75 48 2 100 19
72 15 98 88 4 52 49 99 63 51 73 78 41 25 35 71 76 31 84 38 12 14 56 24 19 66 97 69 93 96 61 26 8 60
18 2 39 61 17 84 3 43 28 35 96 56 45 64 69 15 11 90 37 87 66 33 76 8 14 42 89 70 57 24 63 38 13 41 85
76 14 22 65 84 58 42 38 45 5 8 88 43 30 92 32 49 89 99 75 48 85 93 13 37 40 24 47 34 20 33 97 18 82 66 87
58 23 88 90 87 33 21 17 75 44 60 42 54 59 62 99 43 73 39 67 14 100 35 45 96 70 69 52 24 46 74 18 86 53 55 92 81
1 97 41 10 13 42 43 63 72 35 37 51 24 56 64 18 6 96 2 23 39 82 70 83 19 47 65 16 80 9 67 78 33 11 79 44 85 46
63 36 83 30 82 94 87 88 29 50 23 71 85 61 20 18 19 46 2 24 26 16 21 41 56 48 81 5 27 91 10 95 17 74 59 76 68 39 58
28 65 9 100 35 17 29 33 68 47 96 83 10 77 4 30 39 70 15 80 25 72 54 11 23 13 62 1 97 41 21 46 93 32 90 64 49 60 12 24
85 39 3 34 94 68 28 7 33 54 10 47 93 25 59 62 50 73 37 51 17 90 82 75 84 40 44 32 80 5 72 36 97 58 2 38 56 11 55 96 91
96 86 71 88 67 95 1 66 41 20 58 56 16 90 93 61 99 89 85 77 82 100 11 45 24 3 34 75 37 62 31 28 4 87 65 55 12 27 70 13 68 35
89 18 54 91 29 28 64 40 22 74 73 20 65 52 16 36 93 41 12 71 55 72 48 10 62 24 2 79 11 80 94 9 34 69 57 81 25 70 82 8 27 43 7
14 75 66 3 91 46 78 67 43 33 22 56 53 87 85 15 79 74 60 48 51 40 8 59 37 18 4 97 64 95 54 17 58 41 62 76 7 13 38 99 25 86 12 32
49 79 18 28 34 92 31 70 100 13 7 60 41 78 59 32 33 47 1 73 44 85 80 24 4 96 91 46 35 90 95 8 52 84 5 11 15 14 2 82 65 3 48 81 26
29 58 6 43 34 86 73 50 23 57 94 12 17 9 61 59 96 68 55 4 60 28 63 51 10 93 8 64 56 24 81 75 20 84 100 95 80 5 30 14 37 19 42 72 15 71
32 28 20 56 15 2 86 14 35 38 27 26 55 73 16 17 64 63 58 7 69 66 39 60 59 68 92 42 100 24 82 78 11 98 25 95 45 65 29 79 83 48 41 94 6 21 43
94 95 40 89 63 48 29 9 85 57 36 74 6 23 13 39 20 54 61 93 80 41 98 67 10 88 60 17 28 77 34 21 69 86 37 19 62 14 24 65 22 66 70 87 44 99 26 49
21 20 51 90 83 1 54 89 99 29 42 43 6 94 5 76 69 91 9 93 26 34 56 58 36 87 86 80 16 33 52 48 22 31 13 70 72 27 14 40 88 81 12 96 47 79 7 100 2
56 12 24 67 98 5 85 59 42 28 91 54 20 11 1 6 45 36 25 16 89 68 87 13 18 82 43 93 84 4 46 83 64 53 66 80 60 38 47 3 88 74 92 94 26 39 100 48 70 90
23 16 96 90 29 22 42 45 47 3 81 79 67 51 1 57 37 27 36 100 56 43 68 40 72 21 95 55 61 20 13 38 32 52 10 14 48 34 82 66 50 7 19 87 75 15 73 49 94 9 71
27 70 40 95 3 74 25 79 62 49 20 26 5 14 89 100 55 12 17 99 39 51 8 64 42 2 46 92 41 83 9 61 33 7 78 11 94 60 48 91 15 24 54 76 18 32 47 98 86 4 97 69
33 88 38 26 50 54 60 22 21 59 31 70 77 85 5 1 96 45 97 4 13 76 87 25 12 40 29 36 52 71 80 75 35 27 46 48 47 98 3 8 67 7 17 68 43 37 49 51 69 23 66 58 16
29 55 77 74 30 1 49 54 71 16 66 35 14 6 64 93 52 24 42 45 18 98 12 95 70 65 27 82 34 51 53 10 100 33 85 84 47 48 58 20 81 57 3 78 79 62 80 91 89 92 40 28 4 8
28 20 95 11 83 46 97 47 48 24 52 93 6 4 13 44 57 73 64 68 33 54 25 66 42 80 74 63 21 59 92 79 89 1 18 94 35 16 2 40 30 41 19 91 90 85 14 61 32 88 56 34 78 26 51
21 41 89 50 47 92 46 60 14 40 71 87 76 56 53 23 42 95 62 35 30 20 75 70 36 86 73 12 81 33 88 100 78 44 66 67 57 64 1 13 45 38 3 43 18 96 84 32 25 80 91 10 63 69 15 31
53 46 56 21 70 89 82 20 54 96 25 95 23 86 94 16 44 97 55 28 50 67 17 76 12 49 64 71 37 63 80 35 32 43 48 100 92 22 2 91 66 59 7 1 88 52 77 26 10 13 73 69 78 15 61 58 45
15 19 62 85 51 76 33 32 36 57 11 77 81 48 7 20 82 74 64 39 72 42 31 63 40 59 25 27 96 60 28 46 24 53 50 78 87 5 21 13 70 68 61 29 23 6 17 41 67 69 8 34 92 18 73 58 52 44
48 83 58 44 35 24 66 28 99 98 10 100 67 81 21 64 80 92 43 49 52 88 65 47 16 77 25 2 14 84 32 4 87 37 89 20 34 71 6 27 50 86 82 51 9 60 19 97 70 54 1 13 93 85 72 63 75 29 26
11 48 100 85 92 54 94 20 53 91 83 82 31 2 99 18 61 51 9 67 90 74 6 38 87 47 59 60 1 73 25 13 26 79 78 49 14 3 42 21 58 22 7 75 62 69 88 24 63 37 81 4 52 27 86 10 34 70 56 84
28 24 25 50 56 99 17 20 58 78 87 3 16 39 73 5 52 60 79 86 30 33 100 98 38 6 69 77 8 11 67 31 10 32 4 27 82 72 61 53 89 43 2 47 80 1 74 83 90 23 12 37 29 70 71 63 88 54 7 44 45
40 31 67 26 24 7 74 12 51 97 49 48 91 57 5 62 76 46 9 18 52 89 17 47 96 14 90 80 1 94 81 72 10 2 77 16 60 85 41 88 53 34 44 27 73 15 59 93 28 3 70 64 78 95 25 11 6 32 86 98 83 35
86 63 34 91 11 73 33 79 15 1 66 54 62 96 3 56 95 55 23 68 76 67 53 10 32 44 18 57 9 29 35 30 46 77 88 74 78 61 85 69 5 92 24 87 97 99 39 70 28 93 41 81 20 26 40 72 100 59 38 22 89 14 71
38 47 20 16 74 40 34 24 12 90 5 86 18 4 21 3 44 8 42 51 56 52 99 72 98 39 70 43 41 68 22 64 14 17 28 100 58 93 76 85 15 89 88 31 78 13 46 19 50 95 23 71 32 96 80 59 53 26 27 35 54 25 62 57
23 1 14 78 98 67 22 68 33 18 4 10 34 65 31 93 3 62 60 73 27 39 69 89 53 64 57 2 71 6 5 35 47 92 63 19 100 37 90 56 95 55 84 76 20 42 88 83 8 7 25 17 96 54 82 38 43 79 72 32 46 45 36 81 61
7 5 18 20 74 50 12 93 81 34 11 76 57 19 41 97 2 47 99 30 43 8 84 44 52 67 32 1 39 9 38 68 56 66 80 48 17 24 79 31 78 70 58 71 40 72 51 33 23 4 54 46 77 92 86 65 73 53 49 83 55 28 91 82 61 6
88 45 100 55 90 99 12 84 25 32 37 85 35 41 38 30 65 42 95 60 72 40 47 87 43 74 29 17 14 44 51 79 66 96 9 61 83 46 26 58 7 98 28 39 23 18 22 33 81 6 34 50 70 67 71 68 20 86 31 62 94 52 24 49 11 15 21
41 60 78 21 65 42 15 12 81 31 43 6 8 82 22 53 64 30 70 25 94 83 52 48 54 84 95 93 51 23 50 10 90 72 47 97 66 45 55 26 77 88 91 87 19 14 62 76 27 56 71 37 86 4 29 79 85 33 96 61 58 99 32 16 98 80 68 75
35 28 24 92 10 59 33 83 95 64 87 71 43 88 57 40 2 82 19 7 99 89 26 9 54 100 48 5 98 77 67 16 61 73 36 85 72 29 70 22 74 4 62 97 32 42 84 21 17 1 53 25 46 44 41 52 27 79 23 31 93 81 39 90 58 18 55 94 34
17 71 93 61 22 43 91 74 7 44 54 72 39 29 62 59 2 1 33 19 12 89 18 75 24 28 80 64 42 77 3 96 35 13 31 52 53 67 76 88 47 34 56 86 84 23 5 41 73 65 30 46 92 83 78 37 10 58 99 70 9 66 60 32 48 87 85 40 26 20
85 68 62 93 76 61 89 54 48 72 36 77 41 88 46 29 78 7 10 34 55 57 100 17 83 90 79 56 98 15 92 9 19 95 18 35 82 43 45 14 31 40 13 97 38 50 59 3 22 94 81 70 58 2 16 1 28 4 27 49 67 20 74 65 73 71 33 66 75 26 60
92 95 76 78 66 90 73 93 43 46 86 22 60 91 31 35 45 3 11 82 72 61 75 84 44 26 69 5 51 42 50 38 99 79 9 54 96 80 74 57 65 100 89 25 56 7 40 58 37 30 2 59 16 15 27 6 83 63 20 18 71 17 34 14 67 88 55 13 47 23 36 4
72 76 60 52 37 43 96 92 99 50 5 45 89 95 27 58 82 77 100 15 86 66 29 44 64 16 10 41 53 13 20 46 70 68 39 18 98 81 67 71 57 3 93 91 36 74 59 26 28 33 83 11 19 73 30 32 62 31 69 34 54 97 38 47 48 14 17 1 79 61 35 84 7
55 59 75 1 23 21 14 46 90 93 82 10 64 91 98 3 79 9 58 56 49 54 11 72 78 96 13 12 85 95 81 18 43 28 2 17 45 33 63 66 8 42 77 60 40 20 88 50 65 74 36 47 16 38 44 35 97 70 52 37 100 94 51 71 48 27 61 53 57 41 87 24 76 5
93 8 100 24 71 83 62 23 79 75 28 26 86 22 35 57 76 30 32 89 64 10 29 12 91 82 17 73 81 80 92 3 11 55 33 18 74 46 96 38 42 84 54 70 21 65 85 87 44 2 90 68 14 15 6 31 47 1 49 37 95 48 63 58 98 51 20 7 88 41 16 40 60 67 5
22 64 30 52 7 58 51 33 86 21 72 15 3 19 94 50 39 4 18 45 96 66 69 78 35 40 54 83 68 59 56 84 37 92 10 80 91 14 16 63 9 44 20 61 38 90 25 97 26 93 99 57 88 71 42 95 70 1 65 98 74 27 43 100 85 47 89 24 49 5 23 67 41 81 13 28
4 25 83 11 76 85 10 34 51 68 38 3 21 26 70 80 66 35 45 27 30 32 60 47 36 62 7 71 79 28 69 24 39 42 67 1 22 55 74 16 93 33 65 99 18 44 56 37 15 17 89 100 91 14 75 53 95 23 82 29 64 2 86 48 46 63 81 58 52 5 31 94 13 88 72 49 9
35 97 67 88 94 20 66 75 30 14 9 19 22 71 4 5 63 2 31 43 7 87 74 90 79 93 72 77 98 3 13 48 32 21 16 99 57 11 6 85 52 23 46 47 42 24 54 26 78 45 8 86 89 29 15 84 62 83 34 64 37 81 40 39 68 91 96 53 80 17 41 95 49 100 27 18 36 60
10 94 26 85 56 30 62 57 42 37 3 29 35 44 48 43 20 73 21 78 1 18 65 77 71 45 79 16 40 88 4 33 31 12 72 80 46 23 22 83 27 41 60 24 15 97 53 93 47 100 82 98 7 67 38 19 89 51 75 91 96 76 8 5 32 66 54 14 68 61 64 86 95 36 58 2 49 6 55
81 63 62 77 59 49 88 82 44 89 97 11 15 43 75 8 27 7 84 48 46 56 25 12 87 26 10 96 58 60 71 64 66 52 51 29 20 86 40 67 39 92 70 94 16 55 91 50 21 18 99 30 69 53 57 42 35 83 72 73 93 100 23 74 33 24 3 90 79 17 54 76 85 9 5 38 34 28 32 45
57 1 22 17 3 31 12 95 10 6 11 60 87 68 85 40 90 83 69 61 97 76 62 5 25 71 44 28 14 98 96 48 58 39 16 65 84 9 38 19 42 88 59 37 35 36 81 27 41 45 55 51 4 20 33 43 50 34 26 72 49 94 74 52 56 75 29 18 100 32 63 77 24 66 23 86 99 13 54 30 8
28 61 88 66 29 27 25 75 17 63 4 80 48 20 39 67 22 23 87 45 52 1 24 31 26 93 38 99 6 37 9 73 40 72 5 64 18 44 77 3 46 86 90 78 50 34 79 8 30 56 32 10 11 53 70 49 92 96 83 82 91 84 51 76 19 35 2 42 65 58 94 21 100 60 14 7 12 68 43 85 98 62
76 97 75 43 16 4 11 48 55 95 24 5 86 54 47 32 36 38 25 94 39 52 41 84 71 69 15 17 22 50 23 91 77 83 81 33 14 85 34 18 64 60 78 93 80 53 59 30 67 92 42 62 49 12 40 70 79 88 20 31 2 19 65 13 87 72 1 45 58 26 7 21 46 73 37 27 10 57 74 6 44 98 51
91 67 5 80 56 54 64 38 25 1 75 86 87 50 3 2 37 31 73 89 24 63 48 83 10 28 98 90 96 93 84 78 88 22 95 53 49 16 12 42 55 32 61 8 85 30 11 36 99 69 13 94 62 35 52 77 40 4 71 57 66 100 9 6 14 47 60 39 59 21 79 20 70 29 41 46 92 97 74 76 19 81 82 23
5 100 77 91 58 96 67 78 15 68 99 31 72 18 43 29 86 7 30 39 6 3 47 21 89 17 66 63 38 13 62 56 69 10 34 44 81 57 71 97 65 61 14 22 28 87 85 75 64 35 41 4 9 51 60 55 11 84 8 37 54 20 74 12 73 27 19 93 26 76 88 90 2 33 82 94 1 92 50 53 59 48 70 32 25
14 44 75 88 6 53 40 78 18 27 62 42 87 51 61 30 81 97 89 47 56 29 38 72 91 79 24 5 59 31 11 9 26 98 69 49 2 34 46 64 45 71 3 57 4 99 66 86 23 76 12 83 95 55 21 100 94 7 85 8 39 28 1 70 50 25 32 82 15 35 73 67 16 65 74 41 60 96 43 63 84 33 17 92 77 54
29 57 84 34 63 43 99 40 80 45 7 10 88 18 90 60 65 62 2 24 6 23 93 64 94 3 32 19 47 12 16 50 26 98 33 83 37 48 67 74 49 44 59 96 92 76 71 30 85 55 36 9 70 52 53 86 51 39 41 46 69 21 89 78 20 82 87 38 27 91 72 42 14 61 28 35 100 25 8 66 15 1 5 22 73 58 68
36 86 18 3 59 65 4 83 10 44 91 29 74 2 20 75 17 41 1 43 85 27 78 66 6 51 24 5 39 62 47 30 77 48 15 90 71 7 42 89 13 8 58 82 92 14 84 87 16 54 88 11 95 100 28 60 45 76 38 50 68 64 61 35 21 99 67 97 40 37 12 25 53 23 46 79 93 96 26 49 52 55 73 9 19 32 69 80
27 84 72 52 82 69 66 97 5 80 88 76 98 100 94 12 44 28 95 45 38 22 93 55 8 41 46 99 77 25 16 9 75 19 54 30 40 32 89 6 3 51 57 18 68 13 42 91 81 58 56 47 50 96 90 43 49 65 79 14 15 87 60 59 20 74 11 48 39 62 35 10 1 17 24 63 92 53 64 29 2 67 61 37 23 21 31 7 78
90 53 64 21 59 1 51 34 26 28 8 72 24 100 37 35 81 10 93 33 97 98 15 87 74 50 91 32 41 16 73 96 89 85 58 52 20 31 60 38 69 30 7 63 86 95 3 70 80 54 25 14 39 18 47 44 11 36 12 56 6 79 2 62 61 78 9 68 55 71 83 13 4 42 48 92 40 49 23 5 19 77 66 29 57 65 17 46 67 88
30 69 40 60 66 22 24 83 2 62 95 11 94 10 38 80 93 3 41 65 53 20 36 32 67 90 25 86 1 4 47 46 87 89 28 63 64 82 34 96 14 12 84 42 72 27 44 57 18 37 88 45 51 100 49 75 97 52 74 26 19 73 54 50 78 58 17 56 23 81 98 6 7 43 29 33 85 99 21 13 48 59 5 68 9 61 77 35 39 71 76
95 36 34 83 54 53 23 48 59 30 61 27 19 38 8 18 62 12 82 6 84 22 79 96 20 55 26 1 81 64 11 85 100 41 67 4 42 44 37 78 25 5 65 88 74 58 93 86 66 71 56 63 10 92 99 43 97 24 69 49 13 47 90 76 16 21 75 2 72 45 15 94 7 35 52 89 57 28 80 17 70 40 9 87 68 98 60 3 31 51 39 14
2 9 62 78 24 70 44 10 33 61 87 67 47 7 41 53 69 46 40 97 37 92 59 52 54 57 55 6 4 23 30 83 50 13 15 28 73 63 51 29 85 99 74 82 18 58 68 36 89 43 39 8 11 1 12 65 56 3 60 35 79 21 95 66 34 42 64 48 91 75 76 80 45 86 96 32 31 14 72 81 71 98 94 17 19 77 93 26 16 88 38 20 90
90 45 75 63 82 30 37 32 81 16 36 29 4 78 52 47 10 53 67 19 24 86 87 46 100 23 76 62 6 8 91 72 80 73 35 59 97 58 26 40 66 88 43 95 27 14 54 74 17 38 51 31 94 93 41 79 33 56 77 83 57 98 12 28 20 39 89 96 64 25 50 55 15 44 1 18 42 60 85 34 21 5 3 68 99 48 9 92 61 13 84 69 11 70
89 1 40 3 57 77 78 49 7 13 87 19 28 76 69 54 100 4 64 58 52 31 63 79 46 91 83 95 71 59 48 36 72 22 51 88 12 5 73 23 56 90 94 65 74 27 92 60 10 70 32 41 55 44 93 18 98 42 37 43 26 45 24 15 35 66 67 21 33 62 6 29 85 96 47 39 2 99 53 11 20 84 50 9 17 81 61 80 14 68 38 75 86 97 16
1 20 3 6 56 62 83 38 5 16 53 4 94 97 87 73 78 36 24 13 57 63 95 68 64 92 46 71 17 76 41 96 55 80 2 77 28 65 67 45 33 37 8 100 14 60 72 42 21 18 31 39 70 40 48 44 79 7 61 51 88 90 50 89 29 11 54 15 98 47 74 25 35 27 23 49 85 66 10 82 26 93 22 81 30 86 12 52 69 32 84 91 43 99 58 34
95 33 57 63 11 72 27 37 92 79 58 96 85 51 46 14 6 26 56 88 66 16 76 91 30 43 97 68 13 53 38 28 24 100 52 80 83 49 48 42 8 55 32 87 15 29 20 31 41 77 99 36 59 69 84 35 21 61 25 23 54 71 67 81 93 3 78 98 34 18 70 86 62 45 7 12 10 47 89 19 50 4 74 90 65 73 17 40 5 44 60 82 64 2 9 22 75
93 3 49 44 18 83 40 23 6 28 32 69 14 29 61 92 27 15 94 97 47 54 10 42 4 2 71 37 98 58 51 31 82 64 76 78 34 80 26 5 8 63 1 21 81 33 68 19 66 17 73 90 53 84 100 39 59 79 24 87 35 48 95 74 65 99 88 11 62 56 57 89 22 20 16 50 96 30 77 12 55 67 43 85 52 70 86 91 72 9 38 41 60 46 13 25 36 75
20 21 93 5 8 79 56 67 44 46 45 62 51 4 86 25 64 94 54 9 24 27 41 30 14 90 48 61 1 82 16 83 49 52 88 91 95 85 73 23 77 89 39 40 43 6 42 26 71 28 81 34 65 57 60 18 76 15 12 97 74 53 19 68 72 17 59 63 3 31 2 38 55 13 92 78 32 22 66 80 50 29 100 70 96 98 11 47 7 87 69 36 33 10 75 37 84 58 99
84 97 53 74 57 4 64 91 8 5 78 94 65 80 25 22 48 19 93 37 52 58 45 98 18 6 50 68 90 77 43 72 95 15 29 36 26 85 89 23 7 49 16 79 66 17 83 10 87 14 46 41 67 9 92 28 47 40 31 27 86 96 33 100 62 2 61 51 24 34 63 39 30 35 11 69 13 12 44 42 81 55 73 70 38 21 88 56 20 3 59 99 75 76 1 54 82 32 60 71
-13 8 61 -5 3 4 74 -35 73 -36 17 -83 -84 85 -53 -13 30 56 -14 -44 -32 35 22 25 91 66 -80 39 63 28 33 -60 59 33 74 63 16 51 82 24 49 8 -22 -88 70 -73 64 21 31 39 -80 84 -89 -94 -39 -56 -95 -68 -50 24 35 47 16 78 52 56 91 -84 83 -58 -100 76 76 -85 40 -72 84 2 19 -42 -23 -86 -27 -91 89 83 3 -9 -95 -60 37 84 17 -12 71 6 -54 -96 -96 -38
19 -75 95 -32 45 14 36 -14 51 10 99 21 -60 -75 -11 -51 -68 57 -22 -38 93 -89 -12 57 -44 -15 -6 -51 -90 37 -97 -43 -92 -94 60 -46 12 -46 -59 -58 6 -89 78 100 72 -69 47 -87 -11 -82 88 -25 -91 72 29 -37 44 29 -93 -75 11 -8 -10 40 83 18 -60 -45 21 -4 -63 -31 -17 62 17 21 -41 -19 36 -64 51 -31 -75 8 -67 -60 54 30 -26 12 56 63 15 6 -61 -73 -11 -37 1
-56 57 92 78 99 -21 61 12 3 -1 73 -19 92 44 -86 -82 -60 70 21 69 78 33 -51 -100 79 69 29 -96 56 -56 91 -97 -4 21 49 0 -6 -11 51 8 -93 -64 11 -28 55 -51 -98 -16 -20 -35 -1 78 15 -25 9 -92 49 18 36 5 95 17 54 -38 67 -44 50 -4 55 -3 -64 30 -84 18 -2 80 -25 97 -37 -93 15 -44 -36 17 87 42 -83 97 -74 54 61 -37 56 -42 82 12 -45 -71
-25 19 -7 -92 34 13 -81 32 -27 -42 97 -10 73 42 10 14 59 -95 -11 -38 72 -96 -86 -83 -95 -25 -82 46 -2 93 1 63 -100 54 -65 -56 -3 -95 64 -71 -74 -78 10 73 93 99 71 -11 -20 15 -38 41 64 -24 -31 1 98 -15 -69 33 83 -20 -16 -30 3 -73 54 -9 -59 51 44 -19 -19 -93 23 40 -54 49 -95 1 61 -30 -59 92 74 -41 4 41 74 -64 49 50 -57 98 88 14 -18
-12 -14 -34 -64 66 -99 -10 14 58 -60 91 -31 85 -54 -83 -15 30 -95 71 100 -6 5 -24 -66 -1 17 55 -11 -40 -100 -66 -46 -88 -1 59 10 5 79 -89 -95 -3 -39 50 93 53 79 16 37 -47 -45 -43 41 18 -51 47 -43 -46 95 -99 -79 -20 -48 37 39 13 62 43 76 -68 41 -98 9 -16 25 -51 76 5 34 90 42 15 -84 2 66 18 73 -13 100 -63 -47 32 25 88 69 32 -51
-26 29 50 -95 51 -58 64 -35 -60 -38 -85 -26 -22 57 72 -29 -52 -67 -68 46 57 -90 51 80 -75 -37 33 18 -100 -49 -9 -96 39 43 -71 24 -21 -22 -67 49 -87 51 71 33 -22 3 62 -66 -72 47 69 21 -20 89 38 -87 -75 -71 -87 31 10 -70 28 -51 -98 -88 -87 -77 33 -93 0 -52 -28 -92 92 -37 82 52 -18 -24 -60 -80 -11 34 -2 -61 92 59 -95 26 -47 -31 42 -9 54
61 81 49 30 -79 -98 8 -12 11 -55 -89 -86 -92 89 20 -74 -60 22 -66 48 44 -100 -45 -95 68 24 -82 -59 -70 8 -8 63 -57 -22 -79 49 83 99 -82 64 76 24 78 46 72 -32 96 -97 -2 -76 0 19 -79 79 89 -72 -30 34 47 -52 96 58 94 -73 23 51 -60 53 6 67 82 41 79 -29 -22 -9 54 -69 -17 33 -21 -55 73 28 -29 60 42 74 17 -69 41 32 74 -58
8 83 18 17 -13 -45 16 -100 -53 73 92 -49 -12 -62 42 -44 90 25 -22 0 -98 32 58 94 39 -93 -32 -14 -29 -32 40 45 75 54 -14 -83 -12 11 94 -58 95 -44 -30 -71 -51 67 -39 15 -86 61 19 22 -96 82 47 38 -97 59 19 73 89 -35 38 -78 10 -15 97 -26 81 -74 -42 64 63 58 78 41 -63 31 5 66 90 -32 77 -75 -95 -26 18 -45 -94 -32 -94 -2 -47
-89 -61 46 -89 68 -36 100 -33 -90 93 -59 92 -1 -14 100 -30 38 -26 36 -42 -93 81 -28 67 67 66 90 60 27 95 90 -27 -90 -6 -36 -28 58 20 73 5 -80 -67 63 72 -94 -13 80 91 99 -38 47 -32 -98 -7 -71 -71 86 -76 10 57 85 26 75 42 90 -58 -80 -67 86 57 -23 10 -28 -3 -83 -24 80 -25 -39 -23 -65 -72 -97 -82 -94 -65 -44 -4 -66 -17 -90 87
47 70 90 17 96 -66 63 -41 -26 -78 -44 -47 -7 -4 77 48 35 81 -49 63 17 72 86 -91 -20 -58 -52 18 -53 59 -33 6 80 -63 48 3 -55 -13 -85 60 -68 75 83 -24 -79 -67 28 -2 1 92 -56 15 -36 -93 -65 3 72 13 96 -61 27 -52 10 84 59 -90 88 85 -54 -1 6 -52 33 34 -22 -42 -24 -86 8 47 -79 -77 -81 63 -21 -49 -53 95 77 -72 -84
-40 -74 -22 27 -81 -40 74 81 -55 59 76 42 31 -74 51 -15 -26 60 -14 -16 -95 -91 -10 88 -15 27 -100 56 79 -24 5 -40 -13 -48 34 -61 -59 82 97 -50 61 2 25 19 -68 -62 81 97 63 -93 -9 70 -40 40 -71 -65 91 19 56 -25 29 57 8 65 -17 -31 -62 -8 68 -44 -41 29 16 -47 72 0 51 -71 -37 29 24 56 -44 -67 -27 -55 0 -87 -5 54
-83 0 -99 -97 -58 92 17 -62 -29 80 81 -62 -74 -41 -33 -3 -34 98 21 67 44 94 33 -63 26 -92 76 -48 -65 -7 18 -13 -50 -63 95 -70 88 43 -97 41 75 68 -30 -15 25 -6 -16 35 14 54 100 -24 40 95 -91 39 57 -55 -17 36 -60 -27 74 -4 -81 -45 87 -64 60 66 6 66 -31 -9 -42 -35 -46 91 -13 -65 -75 -50 81 11 13 -39 -92 -1 -36
-14 -79 -52 -46 -65 81 -80 64 -56 -36 -11 33 12 -38 2 78 75 -21 30 -84 96 77 61 69 -37 -72 -47 88 46 -78 -93 26 87 -94 64 1 -61 89 -60 70 87 18 -89 36 39 53 -10 36 -51 17 25 33 -2 19 76 -20 -14 7 77 -71 -29 -96 -100 59 27 51 -78 85 15 -4 -89 13 -86 -25 89 -95 -91 7 -54 -14 3 -46 24 25 46 -26 39 -86
54 20 -72 -60 -52 17 24 -60 80 -94 -63 27 54 -99 49 40 -21 -50 -9 9 70 -42 1 -26 -27 43 19 77 -71 -68 28 -77 -12 88 -39 41 80 32 69 -4 -90 49 -83 -82 37 -34 95 26 -37 -70 -40 -80 59 -17 72 -93 -3 94 7 -76 10 76 35 63 -4 26 -60 43 44 -12 -21 -87 39 -24 -43 -20 -80 -53 -44 -77 13 -2 -47 -56 -87 -90 -80
-69 -75 70 78 75 82 7 -99 58 94 88 38 86 59 -74 -90 95 11 -52 18 99 -74 95 -37 84 5 95 42 14 -88 10 -24 14 40 -2 -30 -73 -96 -66 -82 71 -48 43 -94 -94 27 -95 54 66 97 -46 89 3 -95 -92 -62 -33 -24 -69 -77 -13 -29 13 -51 -57 95 -99 95 -8 -32 39 -42 -90 -30 -64 6 62 47 39 47 9 14 -32 -85 78 14
75 6 -14 81 -89 17 74 47 -65 81 -8 48 45 -82 -57 -52 32 6 -92 56 91 81 -31 -4 2 27 -14 67 -92 68 13 -28 87 -42 -39 11 49 68 -27 90 -34 -2 56 91 -84 33 -22 -20 -74 -47 84 8 47 -79 48 -21 58 28 -23 76 33 46 74 55 25 -7 -3 -10 10 -45 85 80 -75 88 78 40 37 3 7 16 41 60 -97 99 -96
-95 88 71 17 -33 -42 -87 95 54 50 23 72 -91 -43 -99 -89 7 -97 70 -71 -5 1 -42 24 -50 -87 89 -4 -47 -57 50 -86 -37 34 91 35 -65 19 -13 -81 37 84 5 40 41 85 -45 10 2 17 -38 -6 84 -81 -58 52 87 -65 62 -89 3 49 64 -31 85 10 13 -55 6 -83 -31 48 85 76 -30 86 51 66 74 -57 89 67 6 -77
-26 95 49 -20 -97 63 -4 4 -48 46 54 -86 -40 93 16 -91 99 67 4 -88 42 1 -77 -26 -68 63 -63 -79 -62 -89 -66 0 -40 -45 78 48 94 -38 61 44 -43 100 97 28 27 -18 -15 49 23 7 -93 -36 27 34 -59 7 -13 7 -90 -79 34 2 -57 73 38 33 -67 23 -24 -25 11 81 66 24 -79 -81 25 -6 61 -70 73 88 -86
-87 39 7 -92 -67 40 37 51 51 -67 -53 40 2 13 -60 -37 86 48 81 57 79 -7 86 11 -65 31 80 -65 93 -91 -84 65 39 69 37 30 61 -68 14 -5 77 6 -65 -77 78 16 67 57 -39 7 -57 -97 -97 26 -7 -14 63 -15 30 -52 -60 -7 -25 -31 -56 -38 -50 -5 23 -13 -18 28 -48 -66 75 16 73 -6 50 -4 75 69
79 -58 -13 -88 18 57 57 18 92 -31 59 63 -84 -50 -62 -3 -40 94 -46 76 -68 -1 71 88 -2 -24 -72 53 -61 -26 88 63 93 49 -26 71 -9 -49 38 97 73 24 -70 4 -55 27 20 46 16 -99 -70 -21 63 -9 -60 -60 99 -98 -89 -81 -23 56 -97 -70 4 7 59 -64 -91 -9 25 7 -21 -54 44 57 59 100 36 75 -40
-8 -85 -28 -63 -59 -66 56 -23 -68 -99 20 32 73 84 74 -49 28 -44 53 17 -53 -95 -23 -11 1 61 -17 -60 -90 79 97 -30 -58 39 -36 -16 -13 -91 54 16 -35 22 14 -76 47 13 -46 -57 -26 32 19 8 -62 87 37 -12 -53 49 -12 -95 4 -24 46 -82 12 2 -29 95 2 4 -79 -3 68 -6 -69 28 66 73 75 -11
88 25 -29 -99 9 95 -41 -19 -55 64 56 -73 -97 16 -64 17 78 -19 -40 76 46 -86 -67 -41 -33 76 90 18 -5 -30 24 44 8 -72 -39 -20 26 -67 67 80 44 61 -51 -23 45 -81 10 -89 60 -24 47 5 -57 31 60 -18 -20 -9 57 -31 -65 -32 -1 38 55 39 -77 7 7 97 9 20 79 92 -66 -5 81 -91 -82
97 11 -6 93 -40 -26 52 77 -13 76 -25 -99 -80 -51 -94 12 -81 -51 73 52 -62 -24 -97 64 100 -55 72 19 76 -62 2 -53 -5 47 75 -79 -4 -99 -65 11 -6 31 99 -87 -3 -28 -60 -91 -56 -44 20 96 -3 67 87 -78 27 -46 -25 -45 -24 -50 29 -39 -84 -52 -95 19 -32 46 45 -13 31 98 -69 -16 17 62
-88 -57 -86 45 64 43 95 -17 -80 53 -46 79 95 46 91 -48 -4 -30 -51 -8 -99 -72 2 57 -10 -59 28 5 97 13 19 68 -11 -40 -37 75 -61 44 -40 85 -28 -64 -26 -13 93 -11 -72 39 73 0 -62 29 12 42 -11 -98 23 78 -31 -19 -60 3 -59 16 93 -60 -22 -2 -78 -86 -97 -50 -15 18 58 -89 -89
-29 79 10 42 90 41 -27 77 44 -42 -64 30 69 -91 -44 -28 26 94 -96 88 -72 73 -80 10 72 -100 -43 -73 95 -9 36 26 -64 61 -57 -66 62 -36 -86 46 -56 -71 -78 23 90 65 -100 -25 -37 -63 31 -98 43 100 70 -33 99 -23 27 -54 86 73 -78 -99 -30 -69 -8 -27 -54 -75 -53 -28 -46 -55 -1 1
-61 65 -61 100 -91 8 -52 77 -50 -97 93 -71 -38 -45 90 -38 93 -11 -44 -42 69 -11 85 56 59 84 64 -77 64 39 -59 89 78 -63 7 -41 -82 -34 -39 35 -12 -55 40 10 65 98 69 87 10 -36 -53 -41 66 26 4 -48 29 -23 -58 -91 3 94 -8 -93 30 49 84 73 -38 77 21 24 83 33 34
-8 -63 72 -56 -83 -93 26 41 41 -15 -25 83 -56 -11 -80 -51 65 15 59 82 72 73 57 55 72 34 -48 72 -74 -68 -51 -83 64 -96 -61 14 -4 13 -21 9 67 64 -24 -48 -39 -5 -99 -11 15 -86 -96 -2 1 13 -27 78 -61 22 1 26 31 17 -55 -51 -64 -39 -54 92 -3 -70 -93 -22 11 46
-28 19 47 0 37 -53 -27 51 -1 3 -90 -78 98 67 86 -70 12 -22 63 -71 52 71 -59 7 66 86 32 -16 48 -2 -16 -80 -58 -22 50 99 -7 -14 82 -25 -76 78 68 98 47 28 -3 -76 -90 21 15 -45 -96 -85 55 -4 13 74 -36 -25 11 -89 76 -24 -9 -63 -30 -8 -79 -54 -99 51 -50
-89 21 15 -45 -32 -27 93 -46 79 67 -80 -39 71 3 -67 -34 14 -79 -8 -69 3 -84 81 -65 59 85 -4 -35 44 -22 45 94 -65 73 -75 92 5 23 65 39 86 -26 12 1 5 56 65 -94 -37 81 84 -11 -27 -10 -4 -64 24 -26 35 15 34 77 -81 48 -79 -3 44 -89 16 -51 6 -34
31 30 14 78 69 71 -36 49 -29 78 -37 -2 38 43 -62 76 29 11 -38 -45 6 -71 41 12 91 21 15 11 19 35 25 77 -2 -85 55 -31 -48 9 -66 35 54 -81 50 -39 1 11 -66 -29 -55 99 74 80 51 -45 -17 -47 62 76 -41 -80 58 24 -89 -92 83 60 28 -97 -75 34 31
31 43 96 -30 -5 82 -49 -29 -75 -35 90 4 98 -30 78 -47 59 -30 -73 67 -10 56 -51 57 84 82 78 -10 0 99 -92 -48 -43 48 -83 61 -39 -69 -63 91 89 -88 -73 -63 -55 -90 49 -88 -87 -80 -28 25 -80 45 11 31 89 -4 -12 -82 53 -21 -92 -98 56 -24 95 58 -39 -41
29 76 -47 -20 -69 -75 -38 43 13 63 -71 -95 -98 -2 -55 8 0 19 -70 -41 88 37 9 27 29 19 65 -57 27 55 52 59 -4 26 43 -90 84 -45 7 -54 10 -49 -30 1 19 -75 -60 96 -100 0 -100 -13 -52 72 32 8 -62 -33 57 -96 -78 73 41 16 -92 48 -10 100 21
7 -68 65 -96 -47 -6 -73 71 -29 78 27 50 46 -7 -41 -60 -49 38 -20 87 32 83 -16 -42 71 -70 -7 27 -72 65 -43 -88 49 8 1 22 -97 79 -68 60 54 39 -97 74 -77 -4 -65 -100 -72 -2 -64 -44 -46 73 82 56 42 -14 -97 -61 16 -15 -6 62 -34 -98 -6 -15
96 65 -36 -31 82 88 -20 -67 -25 -62 -70 -2 61 60 -48 44 -99 -30 69 35 -66 -4 22 -2 -7 -20 -77 0 52 -99 28 -82 80 71 -77 47 4 14 51 -8 31 -20 -50 57 37 -20 -15 -39 71 -28 35 87 -31 -41 -24 -85 -2 3 85 -100 24 -51 -85 -76 83 -42 72
-6 -7 -34 -58 -9 -10 59 85 -85 82 49 -11 73 -20 -15 78 -69 -94 62 21 -4 66 75 68 28 -13 43 14 42 88 94 82 76 60 4 37 -51 -65 -34 -89 -64 -18 -92 -57 -16 -17 -14 21 22 -71 -91 93 -47 77 -25 5 83 -57 51 -77 4 61 69 -11 57 30
36 -75 -66 90 1 13 15 14 -31 1 -19 -38 -11 3 -67 0 -73 -53 88 52 -52 99 -9 -3 -34 -86 -5 -79 95 60 -92 -59 25 -88 -92 45 82 28 100 -45 100 -89 -47 -72 -37 9 -19 -19 -62 34 55 98 -39 88 -4 -79 91 1 -26 62 -99 -57 79 70 -32
54 54 78 -96 85 -43 -71 -9 -98 -53 -99 54 21 23 -41 -80 76 -46 22 36 -60 -32 -41 9 53 39 94 -82 -47 -98 0 41 -35 14 -50 -86 88 -17 49 22 32 -35 -100 98 -8 90 -75 36 15 -96 34 -23 36 -44 72 -11 80 76 -82 21 -20 11 -30 20
-93 -22 81 46 -87 -33 -42 54 -5 94 -32 -66 9 -5 24 -37 19 -95 -29 78 -12 38 -28 -63 53 63 -26 -70 46 86 14 50 -26 77 95 33 -60 -91 23 -29 -53 54 -67 62 12 72 7 84 -80 -90 39 -2 -44 -70 -94 36 20 54 -72 -25 82 14 -69
-21 -80 26 43 -85 -39 25 -91 -29 26 -58 -91 -72 -12 85 93 -79 81 33 28 -18 28 48 26 6 57 -47 -90 79 -71 16 -60 -82 -88 -40 -8 81 40 64 -20 87 -13 28 13 75 43 69 -76 82 96 -29 -9 -67 -95 -84 -55 51 -75 -2 26 35 -3
-77 64 -94 79 68 35 23 65 -93 73 -92 -59 -79 1 -12 89 55 69 -77 -34 -91 -21 -9 -2 -11 26 79 30 -40 -77 -68 94 -36 -52 24 23 -46 24 89 -82 27 -44 82 0 81 -50 -2 -80 52 -28 1 7 -7 26 -61 80 -73 78 38 -63 -43
-5 -7 -78 25 -90 -26 -66 69 95 -53 -85 89 -30 -43 -49 -88 -94 97 -12 -49 47 23 16 18 -70 16 -86 47 -63 49 50 42 -37 -71 -46 17 -50 -15 -45 -13 82 -92 82 -32 -95 18 7 -33 -47 54 -3 30 9 -96 -79 67 -84 30 -24 42
-14 -61 -56 63 12 3 84 -11 41 24 -9 -5 -73 -96 17 -81 -7 -98 -84 20 -72 35 -78 47 21 -44 2 53 61 63 -18 -7 11 -49 83 46 4 -37 -98 96 -98 -17 -98 -44 69 -3 80 -94 -76 -60 1 -98 37 48 -3 5 97 -60 86
72 -92 -51 -6 91 57 -66 -8 53 4 -20 65 88 99 23 -39 61 -29 -50 58 96 -90 25 -17 -15 -76 94 -16 6 -88 26 -1 -79 -31 -56 35 -43 93 9 -14 -100 -6 -78 -40 52 30 1 -5 18 -23 -85 98 -4 -84 87 -52 -72 -53
-55 -31 -81 -13 -47 92 96 78 75 18 60 -60 8 39 50 -17 75 5 38 -38 -77 -21 -83 57 -54 24 -17 -83 -52 61 -50 -1 -94 -65 -98 -33 16 -92 -33 34 15 95 38 1 -68 99 41 -10 -37 -39 31 20 -21 -4 39 -82 -28
-88 27 19 75 -33 -1 98 68 63 -87 45 -19 51 -82 -67 85 61 68 95 -7 70 83 -44 81 -54 -34 9 -73 -35 -13 9 95 -84 -17 -80 59 27 15 -11 71 -65 58 57 45 95 91 -83 23 69 85 62 90 -84 47 22 -30
-49 31 82 -44 4 5 -14 18 -73 -45 3 44 -13 -40 -56 -64 -63 -52 56 60 26 53 27 45 -46 -58 42 -90 -41 -55 28 -10 -9 -70 -38 58 -76 -35 -19 100 -15 24 -2 54 11 2 -53 88 -48 2 -2 65 57 -49 94
18 -45 -32 41 -96 -100 16 77 39 -19 8 9 -56 -74 37 -69 16 7 -40 -11 -12 -77 -52 -62 32 80 53 -95 59 85 69 39 -36 -78 -7 68 -40 -12 -1 -75 -36 73 88 10 -18 -63 -9 66 13 48 -71 -37 56 -100
24 -45 -50 48 -98 -23 -43 -27 -89 93 35 40 94 17 -94 3 69 65 -7 24 -89 -4 -66 86 -23 61 -12 -78 32 -45 -73 50 -14 -41 -47 92 -70 -21 -95 83 96 91 79 -66 -72 -50 -74 34 41 -96 49 82 -32
62 -87 -67 76 60 -64 -62 92 -18 8 -33 4 66 62 17 23 100 -51 -14 71 27 34 -68 -2 -95 93 -23 -91 -45 -76 76 28 18 -98 -2 48 -49 78 3 29 66 61 76 87 -50 -75 18 -14 22 62 -23 52
40 66 -67 -78 -63 43 -69 -75 -50 39 -40 56 -38 -1 95 -21 -51 8 57 -29 -39 -7 -31 56 28 -74 12 -22 -71 -31 99 65 50 61 80 19 56 -38 36 -95 90 10 -59 67 28 97 -69 -98 34 25 -62
-44 -70 89 -95 26 -60 29 -46 -71 -60 -48 -69 -71 -100 60 -94 -86 2 6 85 -56 38 88 -46 51 -16 -30 17 -42 -4 8 -85 -36 1 -26 32 30 -68 -76 -38 51 41 46 79 19 -88 3 -6 12 76
-27 67 93 -14 4 -82 -78 2 44 9 -25 -42 82 -51 -9 57 -43 46 51 -85 97 -95 -53 100 -100 -80 -20 -21 -14 22 -32 51 63 -20 -38 -7 -47 68 -86 -64 -64 -92 -30 55 -46 -75 5 74 29
89 73 55 39 -65 -59 -9 55 33 59 61 91 -8 97 93 78 -73 24 59 51 81 67 -6 55 -17 -57 22 91 -5 49 70 -49 70 53 77 66 18 -76 -27 53 88 -2 -12 -89 -62 -65 -94 55
1 1 -84 -86 -51 20 18 -6 -63 -26 -8 9 48 80 -38 -24 -74 86 65 15 59 -70 -61 78 -56 50 48 18 -94 -70 62 -66 4 -48 92 -74 19 -7 -86 64 16 79 -55 -94 21 10 -61
56 15 -17 81 -61 -30 44 94 88 30 -62 5 35 27 -35 -85 7 -32 -14 -76 -37 -75 -84 -71 96 -70 44 -48 22 13 -32 -25 68 56 -49 16 -84 -61 93 43 1 -40 81 53 -81 35
42 64 62 -25 27 19 -42 23 57 -68 27 39 -1 15 -52 -7 -17 95 35 12 35 -79 0 -16 -78 46 65 -98 -86 72 -53 63 34 45 -24 66 -81 -72 -43 -90 -93 4 85 47 -96
-47 -73 -81 -1 86 -7 -32 -89 -79 -63 40 -4 91 -96 94 -87 86 -100 39 15 82 -26 -62 16 59 -64 -98 39 28 33 19 -38 -20 6 10 -96 -43 16 -44 -90 -46 80 53 -49
-24 36 -57 -97 15 -23 57 95 -55 -66 -43 -24 -85 -16 -49 82 -1 31 -29 -58 13 -88 -45 -83 -14 81 47 69 97 -77 -96 -59 32 3 -91 -88 -9 -17 0 81 -99 27 -77
5 9 -92 73 -9 34 93 21 -94 72 45 -70 -56 -81 29 -64 -23 10 -94 95 81 -99 40 37 26 77 89 21 14 -50 15 -60 -95 -39 -23 34 -10 -48 -37 -94 -65 -16
44 -19 -88 87 62 96 67 -80 100 21 48 -10 38 73 19 -5 22 -72 81 85 6 -92 -7 37 35 91 -88 -94 -6 79 -12 -99 -61 -67 77 -93 -34 -43 -41 -79 92
82 16 85 -18 -90 57 -5 -66 -67 85 -1 -26 -14 -54 -77 77 91 28 41 10 -87 -7 -83 6 41 87 -31 -43 17 63 46 54 28 7 40 32 -7 60 65 -85
-48 -74 81 -43 -30 -54 34 71 96 85 -76 84 -14 85 -8 -48 -34 90 18 -53 55 98 -69 -96 24 -80 42 -72 87 83 69 -53 -64 13 15 32 -10 -31 -15
-54 60 77 27 -72 93 66 -55 100 0 -67 38 -40 -32 -82 27 -64 62 -85 -4 58 35 26 -10 6 -14 -30 77 31 -39 -83 96 -65 -22 -74 35 90 -68
-32 4 -91 -41 40 60 95 -47 -7 25 -92 42 -25 -49 -74 -9 63 33 -91 -32 -23 56 12 79 66 91 -35 87 -15 -37 -70 18 -53 -40 3 -9 -17
92 -75 -47 81 40 -38 84 5 83 20 -1 -27 -45 79 -89 -37 12 -77 -84 99 9 46 -87 46 35 -68 -22 60 95 11 43 77 -70 13 -5 15
-68 -32 80 39 78 -40 -33 68 46 -54 -67 -37 31 -78 59 -84 -9 42 -45 -54 8 -48 -29 30 -29 40 25 -21 -91 -17 46 -84 -82 71 96
-17 0 74 -92 -50 85 -76 -19 -73 87 -31 77 6 -89 93 6 -93 1 -41 28 13 7 28 -81 -7 -22 58 -48 25 -18 -33 -44 -5 -47
-23 67 100 100 -49 25 -89 -96 15 55 -18 33 41 -68 51 28 19 75 -75 33 15 75 22 -72 -37 -16 -47 73 22 -40 87 95 -58
-35 -36 -66 -93 16 -12 -46 -14 13 91 -68 -97 49 -50 81 -89 -91 99 70 -65 -7 73 39 -63 -44 -24 35 72 -78 71 2 8
-26 31 72 2 -2 89 85 37 29 32 15 89 -10 -46 -61 8 -94 39 55 27 -8 2 -37 -81 5 16 92 -64 80 48 -2
27 -42 -84 4 12 72 97 69 -27 2 80 40 33 -71 60 70 -89 13 84 -95 -57 -31 -37 62 13 -41 76 89 -18 -1
-28 90 77 59 27 87 96 29 -8 92 72 -91 53 2 -64 2 -46 2 -48 -57 63 12 41 49 -51 40 -48 60 -7
-73 -14 -58 72 82 -57 -97 82 -86 71 -88 51 40 -50 1 61 -7 96 -39 -85 69 91 17 49 76 73 -99 -35
0 41 -83 -99 91 55 53 40 45 -13 80 70 88 -9 1 -25 -1 97 -67 4 -91 -63 -85 -49 -68 85 66
35 78 -17 -50 -74 -14 -100 62 81 77 75 54 -37 -68 -90 68 -30 -75 -58 -66 -91 -52 -43 -96 21 17
-32 60 20 -83 -55 85 95 -31 -30 17 22 -83 16 -28 -69 92 51 33 13 -10 55 -23 55 87 100
87 70 1 19 48 -10 30 93 -11 61 52 99 -48 -42 -50 -94 94 35 -43 44 32 3 45 -42
77 29 -87 35 -17 74 23 97 79 -24 93 -48 52 73 55 -8 -25 -5 59 85 -49 -20 -93
-41 -86 -41 -73 41 7 51 -34 66 99 -74 -51 8 70 18 81 -90 71 41 -97 67 -5
-3 -59 48 -48 -24 43 -37 -22 35 17 -53 -16 2 22 82 39 2 -94 -35 -71 9
19 16 12 46 29 -23 2 -23 18 -79 79 37 -52 -61 -99 97 15 97 -97 -12
63 -19 -52 20 75 99 -63 83 58 -17 1 -78 -25 -3 -37 53 -18 78 47
-16 44 -13 -70 71 -2 -51 64 -43 25 -70 23 59 -75 -74 -54 29 24
-67 65 -11 -82 35 4 -68 -34 -56 -11 98 -74 73 -25 -5 91 -74
-93 42 75 89 4 -58 5 65 -22 13 -57 41 23 52 -27 54
-46 69 95 -57 84 -81 56 -95 -74 -48 49 -70 68 6 34
25 50 -24 -96 -36 -22 -8 -65 -60 -57 -68 54 71 -1
84 93 -16 58 -2 -92 54 -29 -54 69 -55 15 -47
44 100 -3 28 -73 -9 89 59 -20 69 -22 -28
40 82 -68 6 -67 -36 -89 32 -60 35 57
81 11 69 -32 10 42 52 -60 87 -45
-70 29 75 -14 87 -90 -32 -99 -51
51 13 -54 5 53 -2 24 -97
-56 -5 -46 34 -76 -46 65
-99 79 -10 -40 -5 51
65 -18 81 -61 -36
78 -57 5 11
28 15 41
36 49
-84
