50
10 10 10 10 10 10 10 10 10 10 10 10 10 10 10 10 10 10 10 10 10 10 10 10 10 10 10 10 10 10 10 10 10 10 10 10 10 10 10 10 10 10 10 10 10 10 10 10 10 10
20 33 50 39 29 44 7 32 43 3
50 5 14 41 47 37 12 33 21 39
50 29 26 22 41 32 21 1 11 46
25 27 23 37 15 38 40 41 34 35
32 44 22 6 46 15 50 25 24 48
20 50 25 21 31 16 3 42 7 5
12 46 45 38 33 15 7 34 30 25
34 27 39 10 45 4 5 29 36 11
5 21 43 26 7 14 15 40 41 1
5 41 50 46 33 39 11 26 10 27
47 50 28 20 40 21 43 49 24 15
18 38 27 47 26 10 1 49 13 46
44 41 27 45 29 6 50 37 21 49
1 39 10 23 15 47 35 43 4 13
20 14 45 38 7 34 19 1 25 4
6 13 28 18 27 22 1 45 3 25
15 36 48 14 21 4 17 31 41 9
23 42 16 5 3 14 19 39 6 9
10 1 36 15 32 37 5 4 2 27
14 11 24 46 2 22 6 37 15 25
34 9 28 10 32 42 7 5 17 18
16 44 42 4 29 8 17 14 20 1
11 26 32 47 16 25 20 17 40 43
36 28 45 4 34 37 42 44 6 14
40 46 8 14 27 11 23 17 16 41
24 13 25 44 43 46 36 40 39 11
31 11 15 45 40 8 13 46 41 30
9 10 7 39 2 3 17 25 21 12
27 19 23 10 26 41 3 34 36 21
19 1 17 10 34 15 39 18 49 46
29 35 43 39 11 41 6 26 44 37
4 25 49 15 7 11 36 44 48 37
24 38 11 29 17 36 44 20 43 9
24 20 17 47 13 41 9 34 37 1
28 35 43 16 18 39 50 3 46 15
11 47 38 46 45 30 6 35 10 12
27 38 31 36 11 39 10 13 44 20
12 5 48 35 19 39 34 24 22 10
22 21 14 34 7 6 4 11 30 28
39 14 10 31 40 3 44 49 17 22
47 46 41 26 17 44 7 30 3 50
5 29 20 46 15 34 28 6 18 26
48 3 2 23 18 14 41 28 19 39
33 40 19 34 23 9 14 16 3 44
14 45 42 29 48 24 15 20 32 13
36 13 32 30 6 48 49 23 5 8
15 41 48 21 5 27 30 35 14 24
36 4 21 8 46 47 19 30 45 20
26 11 48 23 37 34 27 15 44 28
38 2 45 3 7 50 18 19 34 1
-19 -17 43 14 -16 -21 28 -7 21 13 8 3 -42 7 44 -6 -29 -34 29 42 -6 8 -27 0 17 45 17 -45 -9 7 8 28 -12 -3 7 -31 42 -23 29 26 3 37 29 -4 -16 -13 23 -40 25 -32
12 -12 -33 24 -9 8 -42 5 -12 28 -38 30 21 -13 -20 -14 20 43 -27 -17 -30 17 41 -11 14 25 17 48 43 35 -38 -24 30 45 13 32 -7 -10 6 19 43 26 -26 37 48 -7 19 -14 -15
39 -50 9 -45 17 7 -38 -7 1 30 -43 27 -48 -31 39 18 -47 8 24 35 8 1 -44 -9 -11 31 2 -36 23 -40 -34 -20 -35 6 38 20 19 -19 -7 34 19 -7 10 7 -7 -3 46 -24
41 30 8 16 -14 -18 -36 49 11 35 42 18 -29 -50 31 3 27 38 29 -48 -11 43 -11 -30 9 39 -34 7 -48 0 -26 -47 -34 35 23 -39 30 22 41 -49 0 -39 16 20 -41 27 28
-4 -19 -42 26 -41 37 -37 27 -49 -23 47 -29 -1 14 -18 25 -33 39 -18 19 50 13 10 -9 23 -20 -14 19 -21 21 2 50 32 -19 25 35 -12 -49 19 28 -41 -9 44 -30 -37 18
-36 44 12 -43 18 0 -20 -11 -40 43 -46 36 -30 33 26 -10 -28 -49 18 48 6 17 46 -44 -5 -14 28 -22 5 19 44 30 47 -27 18 -34 23 -13 12 29 -6 32 -35 20 6
-20 -21 41 -31 47 23 -43 2 10 -28 37 37 -19 6 7 0 -1 46 6 -25 -31 14 -5 -29 -5 23 27 -9 45 44 32 16 10 -12 43 -8 13 -38 -32 35 13 -49 -48 -15
18 -7 -46 -9 -29 45 -49 17 28 49 10 41 -5 -19 -42 -17 37 -12 -14 -43 -47 0 -25 -23 27 24 48 32 0 1 -39 -25 -24 34 -13 -31 -1 -31 46 -2 -36 -40 -30
-19 -8 -50 -22 31 41 -10 23 44 -5 29 -7 32 -29 0 17 20 -32 -31 -50 47 3 -20 -48 -9 -17 19 38 -29 -14 -48 -39 41 -1 10 32 18 -20 34 -34 3 -28
-47 48 -12 20 44 -21 -25 -25 20 23 46 8 35 11 41 9 2 -7 21 -43 -12 20 14 -27 -38 -23 21 -18 3 25 27 -2 -1 -42 -43 42 -48 -37 24 19 -17
0 2 6 48 24 -34 -13 -39 -7 -5 50 3 10 6 36 38 23 -22 -37 46 -16 36 36 -50 -3 35 -10 -29 47 -11 -2 -45 -8 -28 25 49 -21 23 -19 -5
20 -9 5 1 0 -26 30 -35 19 -38 -18 -41 13 20 17 -33 -45 9 30 12 21 48 -12 44 32 -37 27 -3 44 20 -43 -40 -21 -10 -12 15 -39 23 -41
-12 -33 4 -1 -29 -6 29 23 30 38 4 24 50 25 -29 -7 4 29 5 -13 26 7 20 -20 -4 18 -5 16 31 -2 35 -15 -33 49 -25 -45 22 42
-17 13 -1 32 -32 -43 37 42 11 8 -11 -13 30 35 -47 -19 -42 18 47 33 32 48 -24 22 24 -43 16 -14 29 -43 34 -18 9 45 32 -34 -10
-25 -26 34 35 20 47 -1 -26 11 5 25 -1 22 9 -22 48 -45 -7 -18 17 23 46 11 -5 -11 5 39 -1 14 -18 47 4 -3 -34 -33 9
-3 -29 39 11 19 -37 6 18 26 -19 -41 35 -16 50 35 14 15 -17 -19 18 -12 -4 14 29 -11 -17 9 26 27 48 -19 -14 42 -20 -10
-20 14 -2 41 2 -6 10 -36 -3 5 -34 -47 8 -26 -8 19 41 -38 40 45 49 -47 -35 33 -9 26 41 48 35 -21 -33 46 -10 -25
40 -17 13 -5 15 37 -25 -40 -10 23 7 1 18 -39 47 36 -42 -44 16 26 16 5 33 29 -12 -18 -16 -35 -31 -9 -33 32 -8
30 -46 -23 37 14 -41 5 12 -20 15 23 6 30 8 6 -1 -28 -48 8 -17 -6 16 30 -23 -35 -4 46 21 46 15 -4 21
-42 -33 -8 -13 43 -30 34 21 -7 47 -23 -17 25 -22 -50 -47 13 -6 -4 43 5 36 25 -49 -15 38 -37 1 27 -35 15
-49 -18 20 18 -34 7 14 -37 31 14 39 -21 29 15 -36 -4 36 24 44 -30 -25 6 -13 4 46 -15 34 7 29 -45
-19 -30 35 -49 -19 -8 16 -41 3 -46 15 50 -12 20 1 -16 8 50 -1 38 25 9 34 31 -8 -17 -39 -49 -17
41 -9 -9 29 35 -22 -7 -19 50 -43 28 -8 -16 4 15 24 0 6 48 -6 -7 29 1 8 42 -50 -22 -44
-17 33 -48 -5 -39 -18 4 -24 41 24 -39 33 -25 -47 38 -8 -48 -23 18 37 -23 -21 32 45 -10 -44 -24
-34 -28 12 26 44 -15 46 1 -11 50 6 11 -40 1 -6 31 29 38 17 -14 6 2 -25 -13 37 28
38 -49 -18 -23 -28 20 43 -39 -30 -16 20 -48 -7 13 39 -20 17 8 -33 7 40 -11 -7 -16 10
-35 -30 38 -21 -2 35 17 50 27 31 -6 -24 -26 -36 29 37 43 -37 17 37 4 -14 2 42
-23 50 45 14 2 -15 13 -4 -6 38 37 0 -21 41 16 -7 1 49 -25 0 50 12 -4
-11 -36 -5 3 30 -29 -4 36 29 44 46 11 47 -49 7 -42 48 4 25 44 -16 40
-33 46 -28 4 38 -30 -40 -24 -7 -42 -12 0 -14 -33 -13 -49 24 37 -4 46 47
-10 -26 -25 23 19 2 26 15 40 -26 33 -14 41 -43 -10 -24 24 33 -34 27
13 -26 28 1 4 3 16 -20 24 47 -41 -34 38 27 23 42 -30 -22 -34
-28 35 28 8 -39 46 -29 -5 19 -29 3 -8 -32 -31 18 -20 -30 42
38 -7 -39 -9 -22 8 20 -1 -2 3 -2 -6 13 50 -8 38 6
0 -49 9 14 -25 45 6 -22 33 15 10 -30 47 49 34 -46
27 -45 2 -27 39 -11 -12 13 15 13 42 27 -50 9 34
-45 43 -23 42 45 23 44 26 -27 -5 43 -3 40 -46
-30 48 12 48 -4 5 49 8 -47 26 12 49 -2
-50 24 -34 26 -7 -40 -48 -6 -14 26 -44 -38
-12 -38 23 26 -5 -5 -28 23 39 31 47
-26 -13 24 -5 -49 -15 -44 -11 -49 -7
34 27 -4 45 -48 -40 31 -41 -32
20 42 5 32 15 27 11 37
-34 -4 -11 -46 -27 39 -1
7 -46 -21 40 21 -10
40 23 14 2 -6
46 37 -43 -25
23 -46 49
-40 -44
-21
