50
1 2 3 4 5 6 7 8 9 10 11 12 13 14 15 16 17 18 19 20 21 22 23 24 25 26 27 28 29 30 31 32 33 34 35 36 37 38 39 40 41 42 43 44 45 46 47 48 49 50
30
26 28
10 23 33
2 49 41 30
38 10 20 50 24
38 34 37 44 17 29
22 16 5 12 17 38 41
2 38 37 12 35 47 22 16
1 11 14 22 27 9 7 3 25
39 48 6 22 42 24 2 50 16 12
11 31 26 15 10 44 22 14 37 39 40
14 7 19 42 47 33 41 43 10 24 3 9
16 11 22 50 32 44 10 27 35 23 41 13 47
6 7 46 22 40 28 20 2 12 34 33 38 19 45
49 22 32 12 25 39 37 24 13 4 5 8 41 21 18
6 41 38 10 7 42 15 50 33 36 3 47 2 27 43 12
7 30 19 9 8 11 50 47 41 40 48 6 15 26 24 12 5
23 1 39 17 50 46 40 14 32 21 2 16 24 26 19 27 15 31
49 22 11 20 32 7 5 28 44 8 42 38 19 31 50 30 4 26 25
34 6 21 37 12 8 18 25 30 42 3 44 1 19 47 41 2 16 10 43
45 6 19 2 40 17 12 32 36 3 25 11 1 23 24 50 18 5 42 49 10
47 45 12 50 40 29 16 37 27 32 6 26 19 49 2 5 21 36 30 24 1 44
27 50 36 48 6 8 5 25 24 38 40 37 14 21 33 16 15 34 11 3 44 29 10
36 15 8 47 35 38 27 2 12 1 4 6 41 43 18 33 25 22 32 29 30 20 44 10
49 17 33 40 15 47 36 50 18 38 48 30 4 45 42 20 23 26 22 13 10 8 21 28 11
28 8 25 47 26 9 21 43 34 27 2 48 40 36 22 14 29 15 23 3 19 44 37 46 10 13
11 44 37 32 42 18 3 14 19 27 43 1 9 8 16 22 23 41 24 7 15 26 31 29 2 4 33
3 32 35 14 46 9 7 44 17 33 43 45 22 5 28 25 18 27 38 36 37 24 26 6 31 47 42 23
38 15 45 44 21 31 4 30 37 10 11 26 1 34 41 35 42 47 49 29 50 48 40 32 16 2 6 5 39
8 1 40 10 49 32 15 16 35 4 46 34 17 24 23 18 22 27 31 7 30 25 33 5 45 44 3 20 48 12
11 10 39 42 3 38 47 27 2 45 46 37 28 24 50 41 33 4 25 43 15 34 48 7 44 49 18 17 5 16 23
18 19 20 13 39 27 36 22 35 5 29 14 6 8 11 26 24 23 34 25 9 4 48 33 28 41 30 1 12 10 21 42
37 35 4 38 17 26 3 16 24 44 14 36 13 15 22 31 12 5 27 9 30 49 21 47 1 43 29 18 34 25 10 8 41
17 43 28 40 30 19 16 6 25 20 23 29 21 35 38 33 49 22 10 39 24 46 12 8 42 5 2 15 4 41 34 47 26 50
13 41 17 49 35 10 8 29 42 18 12 33 34 22 3 21 38 23 2 31 5 11 47 45 19 46 4 9 7 28 36 44 6 39 20
27 30 1 11 29 35 25 47 12 9 7 48 6 42 4 18 37 16 8 36 5 39 21 28 45 23 41 26 50 19 44 2 33 46 43 10
34 18 7 2 6 22 24 35 26 5 44 30 10 3 29 48 46 19 16 32 39 4 8 49 31 36 43 42 25 41 37 11 1 50 12 33 23
32 15 29 20 6 48 18 1 34 9 22 36 17 12 26 50 10 33 47 21 41 27 42 28 16 5 7 8 23 14 43 31 35 24 2 45 19 37
26 49 22 36 5 48 10 45 35 23 40 6 12 7 18 2 28 9 25 32 4 33 16 17 43 46 14 37 11 24 19 38 8 42 1 44 30 47 31
28 27 17 23 37 20 25 35 50 40 29 45 31 1 30 12 15 21 4 19 39 5 26 10 9 38 44 32 48 41 22 13 49 11 47 34 42 7 16 43
20 8 50 39 49 22 38 43 9 6 14 31 42 24 35 13 36 3 15 25 19 45 10 32 7 37 34 11 33 18 12 21 30 48 41 47 1 23 26 46 29
32 41 28 10 1 50 15 12 45 43 14 48 5 36 22 2 31 44 30 42 29 24 20 11 38 47 3 26 7 17 19 46 6 4 39 16 34 21 27 18 37 33
38 5 34 48 4 25 2 36 17 44 8 47 42 37 41 31 24 15 35 1 14 13 16 18 29 11 12 23 6 43 28 7 27 39 30 10 49 9 50 40 46 45 21
34 50 2 16 11 13 10 30 24 1 32 41 33 44 15 46 36 9 48 22 5 45 23 31 7 40 29 25 17 39 42 28 19 27 26 38 37 3 12 20 8 21 18 47
45 48 31 32 1 11 3 33 6 41 28 24 26 43 12 9 15 49 37 44 13 21 40 30 18 7 23 14 34 35 29 47 42 27 22 50 10 39 16 17 25 8 19 4 36
12 38 17 49 44 7 46 50 10 5 34 48 2 13 11 6 22 16 43 37 24 30 27 28 9 47 29 1 20 40 4 45 35 32 19 3 41 8 23 36 15 31 33 26 14 25
14 13 22 9 34 32 41 28 33 42 47 40 46 43 24 10 12 37 23 44 7 35 11 30 25 49 18 21 19 1 27 4 48 26 6 45 3 20 16 31 8 29 38 17 36 5 15
26 40 3 11 31 43 21 7 41 25 35 49 15 6 27 30 20 22 50 44 46 48 23 1 24 32 33 39 47 5 34 10 17 45 9 18 16 13 36 42 2 38 8 12 28 4 37 14
41 1 45 39 40 30 37 28 29 17 46 7 27 9 25 38 5 31 6 16 26 48 44 47 2 50 49 10 19 12 23 35 13 22 43 24 8 3 20 14 32 11 21 18 4 33 36 15 34
38 13 46 8 33 14 35 21 25 50 42 3 31 43 1 18 45 9 36 39 10 20 11 47 32 28 15 29 4 41 6 40 16 49 30 17 48 34 26 44 27 23 19 7 37 12 24 5 2 22
-49 28 9 2 -31 1 17 27 19 -5 -2 -20 47 -8 -47 42 44 12 -36 20 -1 12 48 -40 -5 0 -27 28 -2 49 -37 -11 23 -15 40 -3 -6 22 -5 -3 30 -31 25 -36 26 -21 46 -46 49 43
2 -46 18 34 -12 -10 -50 16 30 -32 18 -48 -20 42 23 -30 33 34 -1 11 -22 -18 -36 -36 35 -37 28 38 -10 -36 47 -35 -23 -5 -45 8 -30 50 -48 -13 38 8 -28 -5 -32 18 -1 -2 -46
30 30 -40 -37 -19 -16 -21 -20 -25 -37 21 -12 46 38 2 11 8 -25 -28 -3 -32 22 6 4 -40 28 -24 21 14 25 -45 -1 18 34 44 -19 -7 3 12 26 -33 48 7 -4 32 48 20 49
-42 -47 33 16 43 18 13 16 -47 -29 -49 -46 -21 -40 -49 -6 -10 14 15 -47 22 -12 -8 -41 -29 12 4 0 22 -21 -35 47 -37 19 -11 -4 45 -37 33 1 -8 37 -43 13 -37 29 16
-48 26 26 -43 48 -48 -5 -10 -5 15 -41 9 41 25 -17 15 -6 27 -35 -40 33 39 29 -11 1 29 12 14 -26 47 -44 -39 -21 49 37 28 27 18 -45 40 9 -11 6 -15 -15 21
12 -23 -47 2 -27 46 -1 -37 -14 -43 50 -31 16 20 -32 12 37 8 42 49 17 27 -37 44 -21 -38 -23 9 -45 -40 -36 -19 31 -47 15 14 -11 -15 -42 12 -8 11 34 -6 21
-19 -22 10 -2 2 -7 13 33 -2 13 -45 31 -43 -33 -19 3 -7 -46 -11 8 -50 -41 32 -7 27 -31 11 -38 -37 44 7 -9 15 -28 -36 6 4 -31 -43 -35 20 -32 -44 -36
-47 -5 -28 -21 13 29 -26 34 47 38 -22 34 38 5 -45 -23 16 -21 -10 -48 -1 -39 43 -6 38 -43 -31 -31 -29 37 -36 -29 49 -43 -24 -50 22 -26 4 -36 -39 3 -44
-35 34 49 -26 49 13 28 -23 -13 18 36 39 -48 -44 -10 8 -16 8 18 -17 33 9 -50 -26 -41 -31 32 -17 46 36 -36 0 -30 -1 14 42 1 -24 34 -38 -26 18
-46 18 -4 -47 14 -38 40 11 -6 -12 -4 -15 27 27 -36 -3 26 32 -13 -42 43 31 18 -3 -15 -44 9 -25 -18 -10 -50 18 -21 46 -2 5 -48 -42 19 1 -44
30 -22 -18 -9 10 -47 4 -11 -25 -15 -23 -41 1 -40 18 0 -21 -34 -25 1 -15 12 -11 41 -35 34 7 -19 -47 45 35 -47 8 -10 25 13 18 -49 8 -9
-7 -7 -4 21 40 -3 50 -6 -45 -4 40 22 7 41 -16 24 24 -35 -34 9 -22 31 6 -3 37 30 -3 9 -22 45 -11 -18 41 37 -7 -3 -7 -44 7
-13 40 34 29 -29 -39 50 -3 45 37 17 25 -42 46 -24 19 15 19 44 21 -18 38 -29 24 -25 12 -47 43 -39 42 -35 -13 -19 12 -4 38 -5 -32
-9 10 4 -30 34 47 5 -43 -16 4 -1 39 36 22 2 4 -21 50 -5 -24 21 -4 44 34 16 -37 -16 -12 -32 -44 -7 8 -26 -14 -17 1 -17
-30 19 -5 -18 -3 -45 31 -5 20 -48 -9 -24 46 -8 50 -1 -2 -4 3 -29 38 -13 43 43 29 33 -27 -26 26 46 26 31 24 -30 16 -47
7 33 -49 42 -18 -21 -41 -7 49 -25 19 -4 48 -48 20 -38 34 0 -47 -4 -45 -17 -40 -17 25 -38 -20 -34 -40 -22 41 -43 41 46 49
10 20 37 36 33 -26 -47 -48 33 2 18 -31 8 -20 -50 -50 43 -44 -41 -50 34 12 -23 44 -7 35 -22 -30 42 -13 6 -50 -45 47
15 -8 -28 15 49 25 36 -10 -49 -48 45 -11 -41 -49 -23 3 7 -25 40 36 -26 -18 17 20 24 -19 50 20 -8 -37 -42 50 43
20 -4 11 28 6 44 10 -47 6 -12 48 7 -39 37 -13 -11 2 -50 -44 -37 -37 -30 -21 -9 25 -12 -5 35 -11 33 16 7
-8 -12 34 31 -4 -30 8 -43 25 -23 -5 -36 2 46 -20 2 45 39 -6 16 -34 18 -8 -26 30 -30 -1 17 -34 29 41
-5 -34 15 -30 32 -34 -34 -29 31 -17 4 28 38 27 38 26 -33 7 -10 -15 1 -32 27 -20 -31 -36 9 -1 -27 34
45 1 -16 -47 46 -7 35 -24 27 -9 -45 32 33 -41 -33 4 1 -3 29 26 -49 -6 10 -44 -19 44 41 28 -7
12 -43 7 -33 -49 -42 -30 23 -25 41 18 -13 48 19 32 -20 5 -41 -26 -30 -2 42 -11 5 -47 11 28 -15
1 46 38 -17 -36 6 -17 0 -48 10 3 31 -40 -46 -22 -26 19 36 42 -49 3 -14 36 12 12 -48 33
6 24 -42 41 6 -41 -39 35 -49 10 -32 -8 43 49 3 -25 9 -28 -34 -21 27 -50 -18 43 -19 26
15 49 -9 31 18 1 45 19 37 5 13 8 -40 -29 -20 -33 8 -50 44 -28 -21 34 8 -35 1
6 -24 50 49 30 10 -12 -44 23 -9 -24 -33 17 -46 21 32 10 -9 29 -36 -49 -48 42 -14
-18 18 16 10 -45 42 -9 -34 -17 -27 40 48 42 -15 11 -13 13 8 -46 -23 29 -48 44
29 35 -5 -40 14 -42 -22 -41 -3 18 29 -45 32 -17 -9 35 -7 -47 16 -46 -46 -6
50 -9 -1 49 3 -26 -43 -4 47 -31 -18 -7 -5 0 -46 27 12 4 29 40 36
-45 -11 -15 21 -48 -5 36 -17 39 -41 38 42 39 -39 -1 -49 -15 41 -45 -41
31 37 48 -49 27 47 21 -8 22 -48 -8 -8 12 -35 -9 25 20 -33 33
21 -8 -43 -30 -46 -10 -19 32 -38 22 -37 -22 34 20 -40 21 -44 -18
-2 5 50 -45 -43 12 -7 -25 28 -7 1 -36 -50 -23 -16 39 44
46 11 40 -48 -10 -49 39 -32 7 39 33 48 -41 -29 44 -38
-34 -39 23 7 -42 13 -4 5 -16 17 -25 8 50 10 -38
37 32 -18 36 16 3 22 4 -31 18 15 16 -23 30
4 -17 23 -3 39 28 50 35 25 23 -36 -50 19
31 33 -47 42 -24 -18 -25 -38 -48 37 27 -48
4 37 -31 -38 0 -30 -36 -8 31 -44 -13
37 -28 32 25 -29 -8 -48 -15 -30 4
-22 -30 39 1 46 6 -41 42 -29
36 49 -35 -49 31 -26 -45 38
32 34 -28 39 48 -21 -49
-31 6 4 40 -25 -49
43 6 -32 39 -30
-5 -24 -5 15
28 -36 -41
15 32
-3
