25
1 2 3 4 5 6 7 8 9 10 11 12 13 14 15 16 17 18 19 20 21 22 23 24 25
8
7 1
17 21 25
5 15 7 10
9 16 7 5 24
10 19 23 11 21 9
12 24 19 15 11 18 14
8 13 20 5 2 18 16 3
25 22 4 12 16 1 24 13 20
8 23 25 5 22 21 15 18 7 6
9 23 1 18 16 21 3 17 12 6 4
17 20 18 9 12 22 2 14 24 13 10 1
21 24 16 2 10 17 6 3 14 5 12 1 15
18 22 24 21 12 4 11 9 1 7 13 23 2 10
21 5 16 4 20 22 23 9 11 13 8 17 14 1 15
25 24 1 14 5 19 23 17 7 20 10 15 11 2 13 9
11 12 19 3 2 25 22 1 10 13 21 17 16 18 15 4 8
10 4 11 2 16 23 3 9 25 17 22 21 1 14 13 24 5 20
14 22 3 16 19 21 23 12 7 24 9 8 13 20 5 25 11 1 10
7 12 21 4 25 16 24 11 9 13 15 19 17 23 14 20 22 5 1 10
19 18 14 11 1 15 16 22 12 24 13 10 3 5 6 23 4 8 2 20 9
17 16 14 6 4 15 10 18 8 2 25 7 21 12 5 13 20 1 24 11 22 19
25 6 18 5 14 21 20 1 10 12 4 23 7 17 9 24 3 19 13 16 22 15 11
19 25 21 10 13 18 3 20 12 24 5 17 16 6 4 15 14 7 2 8 1 22 9 23
11 13 14 17 22 21 3 7 4 23 25 15 1 5 2 16 9 24 20 19 6 8 10 18 12
1 -2 22 -16 -1 3 -21 17 -5 15 -20 17 4 -3 -6 2 -17 3 8 -20 13 3 9 -14 -8
-12 9 5 1 8 -12 3 -5 17 -11 1 -15 -11 -23 4 -19 -17 3 15 5 -15 20 2 -13
-24 1 22 -24 14 -9 10 -5 10 10 6 -1 7 2 23 19 8 -2 -22 3 -14 9 25
0 -12 -20 18 0 11 17 13 -1 2 10 -5 -18 -14 16 7 -12 15 0 24 -9 -6
-19 -12 -1 22 -16 14 0 -17 20 12 -21 3 15 2 25 -13 10 3 12 16 -6
-19 -14 11 10 14 3 9 13 -1 17 -6 -1 -12 20 -25 -2 -2 7 -17 7
-12 23 -21 -19 -22 -25 11 -10 -5 11 6 23 -11 -11 21 13 -16 -8 5
0 11 21 -8 -21 5 8 22 -6 -9 8 16 0 -25 -16 -12 -20 25
22 -14 22 -1 -7 16 -4 -8 -3 19 17 4 -1 19 -14 -22 12
17 -23 -8 -3 4 -12 -16 -1 -7 8 11 3 22 -10 -1 11
-6 -7 -22 -12 -13 -22 -15 -15 2 6 -21 -8 6 13 12
-20 14 -24 19 21 -16 17 -9 -13 -24 22 2 -3 -4
-8 1 1 -24 10 -3 -1 14 -25 0 -18 -14 4
-3 24 -12 23 -2 9 15 13 21 -21 -7 18
-1 12 -3 25 -1 17 15 -14 -23 -20 16
12 12 -21 12 25 23 -7 -23 9 -19
-9 -22 22 16 -14 -12 12 -4 -12
-14 -8 24 16 -3 -1 -14 -17
-11 15 11 21 23 5 11
-20 10 -6 -12 -12 -2
18 9 -12 -19 -7
4 25 -14 -10
-25 13 23
14 22
10
