25
5 5 5 5 5 5 5 5 5 5 5 5 5 5 5 5 5 5 5 5 5 5 5 5 5
1 9 21 12 17
25 16 17 4 19
21 17 13 5 15
1 18 3 17 24
1 11 2 19 5
11 3 1 6 23
12 4 19 3 15
24 18 8 19 16
21 24 4 10 6
7 9 12 5 6
24 6 12 23 18
23 12 6 25 11
25 21 4 9 19
11 21 5 12 23
12 25 16 11 9
21 1 14 23 13
18 13 19 24 14
6 12 17 2 15
25 23 17 14 21
17 24 8 18 12
5 15 9 20 11
1 17 20 13 10
11 21 19 17 14
5 9 6 22 14
18 21 16 23 10
-16 -25 -20 -17 -3 -18 14 24 -15 -18 23 13 10 -12 22 18 3 4 -12 19 10 -20 23 2 -17
12 22 -22 -18 -8 8 5 9 -7 13 6 10 -10 2 13 10 19 13 18 -14 10 14 -18 -2
-13 -22 21 3 -17 -20 -18 6 3 15 -12 19 -3 1 -13 -10 25 22 -10 8 -23 17 -13
7 6 9 23 17 -8 -9 20 8 1 -10 -2 25 18 2 -3 2 18 -3 -7 20 13
0 6 14 16 -25 5 -18 -17 2 17 11 -20 -16 4 -10 19 -22 17 5 -7 -17
6 -19 14 -8 -7 -24 10 -5 -20 20 -15 -14 11 2 19 7 -2 11 -8 -3
13 -13 -4 -19 -13 -12 -2 -19 -7 19 -22 14 -21 -9 -23 12 15 21 -6
-20 17 -11 19 -23 -22 10 -1 23 -6 8 -2 4 23 14 11 16 6
1 -13 1 -21 4 21 -15 -9 17 -6 6 15 -15 -4 2 -18 18
-3 5 -21 -17 -15 -7 -14 17 -1 -18 -22 -3 -22 3 -8 -10
24 -17 -7 12 8 -22 9 -20 4 -12 -15 -22 -17 14 -8
-9 18 -9 -25 -25 -16 20 9 -9 7 8 -14 -24 9
9 -4 11 19 -23 7 -13 -20 -25 18 -5 19 -13
-7 -13 -12 22 -15 -12 7 9 -16 7 -22 24
-1 8 21 -23 -3 20 -6 0 2 -23 15
13 -2 11 12 -8 7 21 5 0 -18
-15 -23 24 10 -24 25 -23 -22 10
15 11 -6 18 -4 -8 11 25
-22 -5 -13 -22 -24 -11 -18
-6 14 18 -11 0 2
22 3 7 -2 7
-11 13 6 12
20 23 -24
5 -4
10
